0.99068
1.0879
1.15426
1.20353
1.09109
1.29626
1.12569
1.05968
1.15777
1.28716
1.31746
1.10638
1.25545
1.23144
1.18653
1.31865
1.55321
1.24684
1.28409
1.53046
2.04123
2.03691
1.64035
1.60201
1.53173
1.53063
1.50467
1.33137
1.28899
1.18168
1.12754
1.11315
1.03943
1.13655
1.13536
1.03031
1.25377
1.22412
1.22291
0.99897
1.37266
1.40201
1.26877
1.17521
1.10748
1.37691
1.15581
1.18651
1.33096
1.1953
1.15361
1.27513
1.24478
1.31957
1.31276
1.3105
1.25945
1.14709
1.20793
0.45478
0.99729
1.21753
1.17134
1.0415
1.26343
1.13827
1.09014
0.75985
1.10512
1.08264
1.12816
1.1765
1.23074
1.04882
0.98748
1.00623
1.0391
1.01419
0.93087
0.9905
0.8935
0.87534
0.9484
1.0516
1.01088
1.07415
1.15338
1.36546
1.307
1.35889
1.36765
1.42527
1.49841
1.67936
1.75303
1.8509
1.84939
1.98004
2.06483
1.94492
1.7842
1.67862
1.29717
1.77715
1.91701
1.62435
1.55326
1.67173
1.49898
1.55531
1.56596
1.72161
1.76564
1.73481
1.66961
1.61896
1.50586
1.72058
1.79626
1.88063
1.83295
1.72607
1.73573
1.66944
1.52954
1.64724
1.5768
1.58592
1.58023
1.55532
1.5461
1.67612
1.64146
1.6375
1.78027
1.62678
0.87224
0.67014
0.47866
1.73077
1.65231
1.6601
0.96486
1.15439
0.79718
1.783
1.84897
1.8462
1.89239
1.88213
1.67684
1.59083
1.91608
1.88231
1.97599
1.9794
1.93548
1.63955
1.43384
1.87034
1.69812
1.45584
0.87402
0.27021
0.06612
0.2448
1.67823
1.79503
1.69201
1.76469
1.73253
0.82486
1.12841
1.48644
0.26782
1.14628
0.03328
0.03756
0.00733
1.27502
1.6122
1.65006
1.69499
1.48091
1.50868
0.98898
0.94796
0.05617
1.44098
1.60113
1.55466
1.49106
0.04425
0.0203
0.90784
1.56302
1.697
1.35462
1.81999
0.86714
0.89045
1.86385
2.04242
2.103
2.14538
1.90826
1.67067
0.83497
2.06328
2.08373
2.19621
2.50548
2.22114
1.2435
0.73333
1.70787
2.06646
1.73151
1.43992
1.53822
0.12644
0.23533
2.65261
2.5895
1.60095
2.05082
1.44135
0.01089
0.90637
2.80667
2.77907
1.55987
3.07427
2.20849
1.92704
0.51084
1.56786
1.6194
1.39302
3.83381
3.4939
2.41362
2.12777
2.15741
1.90904
1.8227
2.31267
2.43351
1.30455
1.04192
2.62131
2.58836
2.58797
2.70453
3.32621
2.55128
2.57375
3.35466
3.97177
4.37985
4.51856
4.14025
3.4089
1.624
4.25019
4.73597
5.01496
4.52656
5.33203
4.60633
3.27402
4.98016
5.5772
5.09731
4.95003
2.16856
2.37633
1.90107
2.17023
2.60552
3.75101
3.36527
1.98434
3.57882
2.84093
3.38802
2.90705
3.22852
2.65375
1.50071
0.37031
0.23304
0.88955
2.75183
3.15558
2.98135
2.98583
3.04355
2.05304
1.04776
1.61232
2.46224
3.13481
1.00229
0.17093
0.63609
0.99749
1.40271
0.02045
0.00073
0.00104
0.32185
0.52249
0.68839
1.12292
1.58748
1.66831
1.87221
1.26653
0.70218
0.89086
1.26315
1.22148
0.74863
1.14496
1.19806
0.78998
0.26843
0.54251
0.89055
0.92106
0.85329
0.83655
0.98033
1.0378
0.29115
0.16075
0.4033
0.40777
0.27106
0.20251
0.05056
0.26943
0.18043
0.07792
0.00041
0.00082
0.15005
0.17844
0.16167
0.17728
0.07527
0.72313
1.22323
1.45766
1.4262
0.88712
1.19353
1.19151
1.52503
1.69871
1.02367
1.19823
2.11047
2.61909
2.72209
2.54875
2.25561
2.14886
1.87929
2.74126
2.12862
2.81557
3.04429
2.90234
2.82767
2.7533
2.83291
2.83597
2.76101
2.75515
2.09357
1.57627
1.01185
1.02705
1.80759
1.4576
1.48567
1.04498
0.96103
0.61624
1.04438
0.83464
0.20318
0.0185
0.6214
0.69675
1.23789
1.05527
0.72817
0.94878
0.90801
0.42331
0.04636
0.53052
0.60271
0.23949
0.06535
0.17761
0.4525
0.05187
0.95374
1.01437
1.19201
1.09945
1.42206
1.26545
1.25102
1.43668
1.33887
1.21023
1.14739
1.17423
1.08976
0.75223
0.42986
0.82518
0.79757
0.90855
0.93956
1.12317
1.1087
1.27238
1.22375
0.97309
0.88936
0.74922
0.84199
1.04188
1.06579
1.12015
1.01082
0.99387
0.71183
0.63259
0.98386
0.33111
0.52299
1.11723
1.06567
0.89114
0.89071
0.935
1.13942
1.19388
1.21487
1.142
1.0488
1.02459
1.13364
1.201
0.99461
1.19753
1.2192
1.05428
0.94264
0.92081
0.67706
0.83715
1.06775
0.92414
0.88044
0.9602
1.04292
1.08701
0.99906
0.78588
0.38734
0.60977
0.02009
0.80344
0.8109
0.96026
1.0448
0.91045
0.90336
0.92151
0.97145
0.91733
1.19341
1.22619
1.15996
1.01428
1.04267
0.64701
0.02006
0.00844
0.87123
0.84902