0.72732
0.30487
0.54452
0.64101
0.83246
0.73635
0.59204
0.55558
0.39269
0.37372
0.43858
0.4098
0.38689
0.29339
0.15311
0.14224
0.19125
0.16316
0.13995
0.34733
0.56671
0.35627
0.3578
0.28242
0.29854
0.4421
0.47512
0.37009
0.53208
0.25713
0.23983
0.32404
0.29527
0.19823
0.35018
0.42799
0.50105
0.40095
0.36084
0.35091
0.39911
0.23699
0.13521
0.104
0.11384
0.16717
0.13182
0.10052
0.15573
0.10791
0.08852
0.15119
0.12495
0.11721
0.10682
0.12835
0.13465
0.13017
0.11981
0.11951
0.09434
0.19236
0.16261
0.23557
0.14165
0.12982
0.11033
0.09094
0.13921
0.13028
0.11809
0.11469
0.11614
0.10809
0.10315
0.1303
0.12087
0.12981
0.13716
0.12937
0.12125
0.12034
0.12168
0.13445
0.11448
0.10945
0.13706
0.13896
0.13417
0.13666
0.12216
0.11148
0.1371
0.15068
0.12659
0.13328
0.14316
0.14591
0.13335
0.12815
0.13705
0.13529
0.1398
0.15794
0.14714
0.13689
0.10983
0.10411
0.08569
0.10867
0.13424
0.13242
0.12371
0.11732
0.07255
0.04874
0.11044
0.07448
0.21541
0.22393
0.29182
0.28969
0.19055
0.29984
0.40602
0.25805
0.22286
0.26145
0.14661
0.18075
0.058
0.133
0.32568
0.52631
0.42736
0.42449
0.33119
0.1843
0.41196
0.63965
0.52217
0.182
0.15391
0.12792
0.29367
0.13941
0.10039
0.13678
0.1279
0.16121
0.12912
0.12376
0.10014
0.08363
0.16283
0.12091
0.03633
0.01936
0.07885
0.12533
0.12472
0.06749
0.0746
0.10235
0.06255
0.07051
0.06305
0.08727
0.12715
0.12063
0.12458
0.12663
0.12879
0.06725
0.06389
0.03009
0.03328
0.03756
0.01344
0.0964
0.11705
0.14824
0.09039
0.12696
0.10911
0.05759
0.04546
0.05617
0.07608
0.06935
0.08359
0.1219
0.04293
0.0203
0.07731
0.07359
0.09982
0.08116
0.07798
0.02697
0.01557
0.07442
0.05856
0.05819
0.02535
0.05123
0.02452
0.02066
0.01988
0.01892
0.01814
0.02132
0.01617
0.01513
0.01005
0.01493
0.00915
0.00915
0.01286
0.00411
0.01468
0.01037
0.02915
0.01562
0.01475
0.00605
0.00791
0.00062
0.0149
0.01754
0.01994
0.0152
0.02198
0.01512
0.01736
0.01522
0.01571
0.01512
0.01324
0.01524
0.0161
0.0157
0.01778
0.01726
0.0148
0.01461
0.01496
0.01437
0.01437
0.00699
0.01481
0.01481
0.00506
0.00049
0.0211
0.04514
0.04033
0.04857
0.02156
0.00679
0.01848
0.05807
0.09832
0.06112
0.02326
0.10494
0.13298
0.06825
0.06651
0.09435
0.08101
0.06788
0.19169
0.21696
0.25073
0.36373
0.41264
0.49657
0.52758
0.55152
0.71578
0.737
0.77662
0.8518
1.04808
0.69793
0.27987
0.28811
0.14614
0.15124
0.15257
0.21111
0.15064
0.2483
0.36545
0.40909
0.47995
0.61063
0.30639
0.19443
0.131
0.36978
0.47106
0.47881
0.17093
0.61132
0.53113
0.29418
0.00482
0.00021
-0.01003
0.0
0.01735
0.02088
0.00959
0.10727
0.14587
0.1523
0.14972
0.13825
0.18874
0.16554
0.16311
0.23862
0.47203
0.30251
0.29907
0.24671
0.24845
0.36265
0.2811
0.19574
0.04426
0.12159
0.36431
0.16854
0.16034
0.18607
0.17721
0.22516
0.20251
0.12389
0.26943
0.18043
0.07792
-0.00072
-0.02135
0.10643
0.17844
0.16167
0.17728
0.15199
0.36006
0.4027
0.3926
0.52304
0.49997
0.43344
0.52943
0.57914
0.58492
0.53676
0.61255
0.70205
2.61909
2.20553
1.44036
2.25561
2.14886
1.23661
0.91317
1.36671
2.0677
2.4776
2.20175
2.15831
2.10679
2.56577
2.83597
1.62357
1.02791
1.03555
0.53475
0.58329
0.8004
1.24707
1.11919
0.73068
0.34694
0.33538
0.24754
0.2067
0.38113
0.22259
0.17952
0.19264
0.24476
0.75447
0.84131
0.32403
0.29142
0.75928
0.38502
0.11963
0.4259
0.60271
0.2589
0.25853
0.75037
0.37873
0.25677
0.72648
0.43634
0.40981
0.85755
0.79819
0.67797
0.54414
0.4475
0.22177
0.0438
0.40573
0.31614
0.2839
0.19734
0.21531
0.27115
0.63687
0.70697
0.51581
0.47155
0.34955
0.35394
0.35647
0.15383
0.08155
0.1967
0.32311
0.17568
0.13784
0.41103
0.35938
0.28598
0.24334
0.25312
0.40282
0.32087
0.46373
0.31523
0.33048
0.30673
0.25316
0.33883
0.25264
0.24215
0.23319
0.11476
0.23762
0.26792
0.39543
0.67881
0.63512
0.76043
0.61643
0.55059
0.66164
0.52374
0.34389
0.44539
0.47881
0.42858
0.31627
0.17459
0.28475
0.43197
0.43745
0.40179
0.39198
0.45691
0.48668
0.50122
0.45169
0.47702
0.58833
0.50335
0.47055
0.49539
0.52766
0.77662
0.94388
0.6761
0.56824
0.5378
0.48879
0.52584
0.19982
0.20552
0.08002
0.0082