0.72732
0.30487
0.54452
0.64101
0.83246
0.73635
0.59204
0.55558
0.39269
0.37372
0.43858
0.4098
0.38689
0.29339
0.15311
0.14224
0.19125
0.16316
0.13995
0.34733
0.56671
0.35627
0.3578
0.28242
0.29854
0.4421
0.47512
0.37009
0.53208
0.25713
0.23983
0.32404
0.29527
0.19823
0.35018
0.42799
0.43743
0.40095
0.36084
0.35091
0.39911
0.23699
0.13521
0.104
0.11384
0.16717
0.13182
0.10052
0.15573
0.10791
0.08852
0.15119
0.12495
0.11721
0.10682
0.12835
0.13465
0.13017
0.11981
0.11951
0.09434
0.19236
0.16261
0.14418
0.14165
0.12982
0.11033
0.09094
0.13921
0.13028
0.11809
0.11469
0.11614
0.10809
0.10315
0.1303
0.12087
0.12981
0.13574
0.12937
0.12125
0.12034
0.12168
0.13445
0.11448
0.10945
0.13706
0.13896
0.13417
0.13666
0.12216
0.11148
0.1371
0.15068
0.12659
0.13328
0.14316
0.14591
0.13335
0.12815
0.13705
0.13529
0.1398
0.14976
0.14714
0.13689
0.10983
0.10411
0.08569
0.10867
0.12893
0.13242
0.12371
0.11732
0.07255
0.04874
0.11044
0.07448
0.1461
0.13264
0.17208
0.1461
0.14649
0.17924
0.24273
0.1616
0.21111
0.14875
0.11429
0.16782
0.058
0.133
0.15025
0.16201
0.171
0.1643
0.15646
0.12574
0.1332
0.12846
0.12742
0.13008
0.13091
0.12792
0.1286
0.13059
0.08991
0.13306
0.1279
0.13614
0.12912
0.12376
0.10014
0.08363
0.14391
0.12091
0.03633
0.01936
0.07885
0.12533
0.12472
0.06749
0.0746
0.10235
0.06255
0.07051
0.06305
0.08727
0.12715
0.12063
0.12458
0.12663
0.12879
0.06725
0.06389
0.03009
0.03328
0.03756
0.01344
0.0964
0.11705
0.11674
0.09039
0.07301
0.10911
0.05759
0.04546
0.05617
0.07608
0.06023
0.08339
0.06567
0.04293
0.0203
0.07731
0.07359
0.09982
0.08116
0.07798
0.04118
0.01557
0.07442
0.05856
0.05819
0.02535
0.05123
0.02452
0.02066
0.01988
0.01892
0.01814
0.02132
0.01617
0.01513
0.01005
0.01493
0.00915
0.00915
0.01286
0.00411
0.0157
0.01037
0.02915
0.01562
0.01475
0.00605
0.00791
0.00062
0.0149
0.01754
0.01994
0.0152
0.02198
0.01512
0.01736
0.01522
0.01571
0.01512
0.01324
0.01524
0.0161
0.0157
0.01778
0.01726
0.0148
0.01461
0.01496
0.01437
0.01437
0.00699
0.01461
0.01481
0.00506
0.00049
0.00716
0.00824
0.00775
0.0079
0.00787
0.00679
0.01209
0.0065
0.00472
0.00413
0.0043
0.00146
0.00694
0.00578
0.06651
0.06806
0.03538
0.06788
0.10702
0.11579
0.13488
0.13715
0.13775
0.13885
0.13698
0.1497
0.16514
0.19509
0.25079
0.15954
0.2419
0.25937
0.27987
0.28811
0.14614
0.15124
0.15257
0.16481
0.14694
0.15368
0.28214
0.20859
0.18011
0.22115
0.16353
0.15144
0.131
0.17119
0.28878
0.28301
0.17093
0.3191
0.31792
0.24508
0.00482
0.00021
-0.01003
0.0
0.01735
0.0795
0.00959
0.10727
0.14587
0.1523
0.14972
0.13825
0.17209
0.16554
0.16311
0.18089
0.1764
0.18266
0.18182
0.18529
0.18641
0.22016
0.1815
0.17869
0.04426
0.12159
0.1838
0.16854
0.16034
0.18596
0.17721
0.17823
0.18068
0.12389
0.18411
0.17867
0.07792
-0.00072
-0.01057
0.10643
0.17493
0.16167
0.17728
0.15199
0.18506
0.18665
0.19703
0.52304
0.20962
0.20046
0.22184
0.34746
0.30472
0.28671
0.28681
0.39701
0.40057
0.70212
0.58561
0.49946
0.49891
0.35495
0.32067
0.56283
0.71352
0.67816
0.79646
0.79925
1.15016
0.84449
1.00545
0.90662
0.68648
0.65008
0.53475
0.58329
0.62543
0.60179
0.86086
0.61344
0.34694
0.33538
0.24754
0.2067
0.34604
0.22259
0.17952
0.19264
0.24476
0.46429
0.53284
0.32403
0.29142
0.40139
0.37322
0.11963
0.4259
0.38127
0.2589
0.25853
0.26405
0.37873
0.25677
0.37805
0.43634
0.40981
0.51432
0.49824
0.39524
0.3603
0.35922
0.22177
0.0438
0.32737
0.31614
0.2839
0.19734
0.21531
0.27115
0.43062
0.50353
0.42461
0.34065
0.31233
0.27402
0.26414
0.15383
0.08155
0.1967
0.23145
0.17568
0.13784
0.24058
0.2292
0.2376
0.24334
0.25312
0.28077
0.26788
0.30148
0.24657
0.24871
0.26824
0.25316
0.2568
0.25264
0.24215
0.23319
0.11476
0.23762
0.26061
0.26336
0.31081
0.63512
0.76043
0.61643
0.55059
0.54295
0.52374
0.2739
0.27243
0.33348
0.34957
0.22827
0.17459
0.28475
0.29457
0.29023
0.25012
0.24582
0.30052
0.25818
0.31296
0.33354
0.32619
0.36225
0.32375
0.31788
0.3507
0.28063
0.331
0.35333
0.33383
0.3376
0.35041
0.36249
0.38722
0.19982
0.20552
0.08002
0.0082