1.20500625
1.9017770833333334
1.5149204166666665
1.36693375
1.3138637499999999
1.7086783333333333
1.74067
1.3174529166666666
1.3330133333333334
1.5094341666666669
1.6230445833333331
1.3452691666666665
1.3769533333333335
2.1034029166666666
1.3050466666666667
1.5422037499999999
1.8280700000000003
1.5862070833333333
1.4942725000000001
3.113507916666667
3.93214875
2.597437083333334
2.449915416666667
2.00164625
2.0056604166666667
1.869339166666667
1.8010900000000003
1.4621291666666665
1.6691616666666667
1.3890358333333335
1.3569912499999999
1.2701133333333334
1.1425983333333332
1.2930470833333334
1.4751416666666666
1.3295454166666667
1.866384583333333
1.5905183333333335
1.4581704166666665
1.4293054166666668
1.9416833333333334
1.5170904166666668
1.3753733333333333
1.2648816666666667
1.2958100000000001
1.5568216666666668
1.2755008333333333
1.3183037499999999
1.6099179166666666
1.3479604166666668
1.2969166666666665
1.385604166666667
1.3953795833333331
1.3685125000000002
1.36393625
1.5698074999999998
1.30453625
1.26283625
1.3634770833333334
1.0788933333333333
1.2098625
1.6303720833333333
1.4327058333333333
1.3432166666666667
1.469375
1.2402945833333334
1.1628566666666666
1.1207874999999998
1.226115
1.2384079166666666
1.2139095833333333
1.2495533333333333
1.2880979166666666
1.12746875
1.0352779166666666
1.0935724999999998
1.1368666666666667
1.1116995833333334
1.0299729166666667
1.1135270833333333
1.031235
1.0139812499999998
1.0812675
1.2247304166666666
1.1017325
1.1716183333333332
1.2426154166666667
1.4029187500000002
1.3774595833333334
1.4226179166666668
1.4577666666666669
1.4940637500000002
1.58149875
1.9948791666666665
1.8302216666666666
1.885272083333333
2.35177875
2.58083
2.2169841666666668
2.115400833333333
1.879099583333333
1.7724245833333334
1.6196641666666667
1.9713858333333334
2.1231779166666667
1.9018733333333333
1.7172620833333336
1.7814991666666666
1.632505
1.5910679166666666
1.7116504166666668
1.8862745833333332
1.9616675000000001
1.8160079166666667
1.7898495833333332
1.7359804166666668
1.7579030434782605
1.7700329166666666
1.9433704166666665
2.0923504166666667
2.03776
1.8076441666666667
1.7972325
1.7757079166666667
1.6503966666666667
1.7337670833333334
1.6610099999999999
1.6262108333333334
1.6222349999999999
1.5779708333333333
1.59561625
1.8156104166666667
1.7528470833333334
1.77322
1.8550250000000001
1.8134941666666666
1.6369091666666666
1.4153945833333335
1.3285687499999999
1.89030375
1.8132970833333333
1.79329875
1.6772458333333333
1.518045833333333
1.2215749999999999
1.97085625
1.9307554166666667
1.9908641666666664
2.091975833333333
2.1054962500000003
1.9196491666666666
1.8815341666666665
2.0462741666666666
2.126224166666667
2.2021908333333333
2.18474625
2.1180429166666666
1.9434079166666667
1.81191
2.0101054166666668
1.88992
1.7754558333333332
1.601848333333333
1.4651879166666666
1.4068883333333335
1.44762875
1.8055387500000002
1.8339887500000003
1.8256375
1.9540416666666667
1.8779983333333332
1.3601679166666667
1.6356266666666668
1.780055
1.3200183333333333
1.5731379166666664
0.5368258333333333
0.48319791666666667
0.34585708333333337
1.4301366666666668
1.7205795833333333
1.732830833333333
1.7591591666666666
1.6244954166666667
1.6094908333333333
1.5116362499999998
1.3654504166666666
0.8036020833333334
1.615910416666667
1.4494370833333334
1.576337083333333
1.425974583333333
1.08331125
0.8846129166666667
1.3731274999999998
1.4904245833333334
1.5835762500000001
1.69026
1.7483929166666667
1.4594958333333334
1.3311429166666668
1.7364370833333334
1.6939329166666666
1.7251154166666665
1.5623858333333331
1.4898683333333336
1.5568400000000002
1.3973416666666665
1.6473391666666668
1.5536341666666666
1.5921775
1.7074241666666667
1.7496070833333333
1.5770974999999998
1.5011554166666665
1.64534625
1.6615979166666666
1.6713841666666667
1.66359625
1.6584145833333335
1.0911191666666669
0.8399537499999999
1.7941970833333336
1.8772775
1.7994420833333333
1.7204820833333334
1.6323
1.1161937499999999
1.5299279166666666
1.6323145833333335
1.6371741666666668
1.6499904166666666
1.9275266666666668
1.7718045833333333
1.689895
1.5055529166666666
1.7097479166666665
1.5313479166666664
1.7092737500000001
2.03370125
2.09127875
2.09642875
2.128439166666667
2.1901916666666668
2.3413012500000003
2.3398766666666666
2.396295
2.3598
2.106722083333333
2.116633333333333
2.72475
2.6765787499999996
2.60768625
2.528802916666667
2.743076666666667
2.5452429166666666
2.5446537499999997
2.77404625
3.1463908333333337
2.9765441666666668
3.3764758333333336
3.6861645833333334
3.5765054166666665
3.1657462499999998
3.854785833333333
4.32278
4.36148625
4.59319875
4.73977875
4.954044166666667
4.6836125
5.833476666666667
6.439087916666668
5.9949104166666665
5.712265833333333
4.337250833333333
3.839200416666667
3.0943275
3.876791666666666
4.072522916666666
4.533262083333333
4.3746729166666665
3.4740933333333337
4.097364166666667
4.0291845833333335
4.07480125
3.83339875
4.27700625
3.6546983333333336
3.2389587499999997
2.6174279166666667
1.1459670833333333
2.8161391666666664
3.7825012499999997
3.8782220833333327
3.791654166666666
3.599475
3.5019600000000004
2.994666666666666
2.5783125
3.0678629166666664
3.1157245833333334
3.4554387500000003
2.9284979166666667
0.91090375
1.7661550000000001
2.3224379166666664
2.0393416666666666
0.52939375
0.23053166666666666
0.2864845833333333
0.5019345833333334
0.9279037499999999
1.3411658333333334
1.7209500000000002
1.8828808333333331
2.3003216666666666
2.16841375
1.5955958333333333
1.1060558333333332
1.4577266666666666
1.6441287500000001
1.5979879166666666
1.4204666666666668
1.5741566666666664
1.4354737499999999
1.0278720833333332
0.8909316666666666
1.0896774999999999
1.2150266666666667
1.1620825000000001
1.0248316666666666
1.012625
1.1687219999999998
1.4402754166666665
0.7160608333333333
0.71532875
0.8744158333333334
0.7163725
0.4611845833333333
0.3559270833333333
0.4385841666666666
0.5133245833333334
0.42754208333333327
0.27490375
0.019765833333333333
0.0236875
0.2658345833333333
0.5402637499999999
0.5181304166666667
0.2771841666666666
0.4892125
1.1238204166666668
1.6726291666666666
1.6223029166666667
2.08764875
1.7423454166666665
1.5053041666666667
1.7328208333333335
2.005365
1.96779875
1.4556275000000003
1.9466095833333332
3.5974070833333336
3.657163333333333
3.5177379166666665
3.257687916666667
2.6856158333333333
2.704641666666667
2.8966591666666672
3.448014166666667
3.303375416666667
3.944887916666667
4.184526666666667
3.61221625
3.3712675
4.441604166666667
4.5802425
4.55302375
3.999375
4.123570833333333
2.52182875
2.0625933333333335
2.1134299999999997
2.0488166666666667
2.23444125
2.0349991666666667
1.9394958333333336
1.4161412500000001
1.29140875
1.1146204166666667
1.4102704166666669
1.2159883333333334
0.9660558333333332
0.9951920833333334
1.1666100000000001
1.1248145833333334
1.4914645833333333
1.5463037499999999
1.1468133333333332
1.4161645833333332
1.2640241666666665
1.01902125
0.7690354166666667
1.35223625
1.32941
0.9609008333333332
0.8935895833333333
0.8286820833333334
0.9494370833333333
0.7070083333333335
1.3960641666666669
1.33937
1.3766583333333333
1.4979666666666667
1.6082045833333334
1.5062275000000003
1.5145491666666668
1.9729083333333335
1.8473691666666667
1.3730120833333335
1.3183758333333333
1.5425341666666668
1.1686183333333333
1.0228808333333332
0.8992404166666667
1.0490629166666665
1.02857125
1.4636895833333334
1.1192695833333333
1.3846583333333333
1.2237554166666667
1.6078412499999999
1.31451375
1.1932666666666667
0.9932154166666667
0.9849391666666666
0.94874625
1.1181283333333332
1.1572033333333334
1.4123020833333335
1.2059666666666666
1.2058491666666666
0.9229429166666666
0.9799316666666668
1.0794416666666666
0.7779400000000001
1.0724791666666667
1.1865829166666666
1.1582316666666665
1.0385829166666667
0.9774745833333333
1.1187558333333334
1.2452095833333334
1.2375804166666666
1.307105
1.19812125
1.1499533333333334
1.1238579166666667
1.2970033333333333
1.5281370833333334
1.1527229166666666
1.4967350000000001
1.3787404166666668
1.26838875
1.1032870833333333
1.067685
0.9463520833333332
1.01967
1.21760125
1.12732625
1.0328379166666666
1.0930983333333335
1.09814
1.1646570833333334
1.11291625
0.9301220833333333
0.8572466666666667
0.8405033333333333
0.7295254166666666
0.9196017391304345
1.0118791666666667
1.23142875
1.2788975
1.04203875
1.11521375
0.9772316666666666
1.05186625
1.2750700000000001
1.3440170833333334
1.3055441666666667
1.2477554166666667
1.1715654166666667
1.2047375
1.10593
0.585785
0.7977258333333332
1.1060170833333334