1.1510270833333334
1.5180683333333331
1.1917508333333333
0.72292375
1.1904295833333334
1.22328875
1.1592274999999999
0.7321916666666667
0.42064583333333333
0.4557925
0.5016845833333333
0.4414416666666667
0.4504729166666667
0.36453458333333333
0.23055166666666668
0.20774791666666667
0.24084416666666666
0.21636166666666667
0.21807500000000002
0.5846829166666666
0.6351370833333333
0.6239337500000001
0.39124541666666673
0.31137333333333334
0.31771333333333335
0.49948041666666665
0.5796879166666667
0.60132625
0.6822170833333333
0.5437925
0.3786133333333333
0.41783333333333333
0.34104208333333336
0.3550683333333333
0.4416379166666667
0.51368875
0.5294383333333333
0.5015325
0.45491875000000004
0.42754999999999993
0.47974541666666665
0.30463541666666666
0.20005499999999998
0.17597208333333333
0.18205083333333336
0.19362083333333335
0.17415625
0.17136875
0.1780779166666667
0.15137416666666667
0.13549541666666667
0.18099208333333336
0.14612625
0.12200041666666667
0.12675124999999998
0.1446425
0.15006333333333333
0.2723683333333333
0.15432083333333332
0.15082500000000001
0.12585541666666666
0.2746
0.19732041666666666
0.7173850000000002
0.24901583333333335
0.13971333333333333
0.12934708333333333
0.12719083333333334
0.15918666666666667
0.14090624999999998
0.12670499999999998
0.12467
0.12288041666666666
0.12721208333333334
0.12029000000000001
0.15446375
0.13581833333333335
0.15104541666666668
0.15845874999999998
0.14482041666666667
0.13179041666666666
0.13520708333333334
0.15637125
0.5612429166666666
0.12524708333333334
0.13411375
0.14404666666666666
0.14307625000000002
0.14051833333333333
0.15053166666666665
0.134885
0.13135208333333334
0.18100291666666668
0.16791208333333332
0.14650083333333333
0.13827875
0.14788083333333335
0.1652575
0.14929708333333333
0.14098166666666667
0.14412541666666667
0.1381975
0.15264583333333334
0.17470708333333332
0.16376541666666666
0.14069083333333335
0.13100666666666666
0.12494
0.11905416666666667
0.13327583333333334
0.17171041666666667
0.21972
0.13544083333333332
0.13411041666666668
0.12402124999999999
0.12886833333333333
0.13185
0.12930666666666665
0.32939499999999994
0.34255791666666663
0.5906191666666666
0.7679225000000001
0.26903625000000003
0.4919408333333333
0.587775
0.29803416666666666
0.33146499999999995
0.6198658333333333
0.20675875
0.23905541666666666
0.14730291666666664
0.24086333333333335
0.8966620833333332
0.95884
0.7343679166666667
0.5449875
0.43496875000000007
0.4545133333333333
0.50732
1.0446833333333334
0.7116554166666665
0.4191520833333333
0.3076391666666667
0.2563745833333333
0.36101625000000004
0.37811083333333334
0.23888624999999997
0.36810375
0.1707991666666667
0.2898483333333333
0.23430874999999998
0.19912708333333332
0.12611041666666667
0.16747
0.26377458333333337
0.13069291666666666
0.11061208333333335
0.05147458333333333
0.1375975
0.14836041666666666
0.13728083333333332
0.11873833333333332
0.10162875
0.12493416666666667
0.07936833333333333
0.07436791666666666
0.0941225
0.12432083333333332
0.14766833333333332
0.12685
0.2411325
0.13887541666666667
0.14648583333333334
0.09463500000000001
0.07030874999999999
0.06693791666666667
0.0829725
0.09842166666666667
0.047217499999999996
0.16797125000000002
0.6869333333333333
0.5711770833333333
0.6025487500000001
0.52918875
0.12176291666666667
0.08122833333333333
0.07632833333333333
0.10685166666666668
0.11442833333333334
0.079295
0.09791083333333334
0.16092416666666667
0.12623041666666668
0.10396916666666667
0.09289541666666667
0.11559041666666665
0.12711124999999998
0.11710291666666665
0.11278666666666666
0.05635208333333334
0.06945625
0.14382874999999998
0.09573041666666667
0.10184083333333332
0.054269583333333336
0.06749291666666667
0.04014708333333333
0.034799166666666666
0.03383083333333333
0.0213675
0.032293333333333334
0.03211041666666667
0.021515416666666665
0.018199999999999997
0.016060833333333333
0.023152916666666662
0.01606583333333333
0.017595833333333335
0.01477625
0.01123375
0.016417083333333336
0.020067916666666668
0.032960416666666666
0.018474166666666667
0.018030833333333333
0.014539999999999997
0.014549166666666667
0.012284166666666665
0.0178425
0.018604583333333334
0.026270833333333337
0.021340416666666667
0.024704166666666666
0.019787083333333334
0.018405416666666664
0.018415833333333333
0.022279999999999998
0.017611666666666668
0.016787916666666666
0.017766666666666667
0.022286249999999997
0.01734375
0.024257499999999998
0.02071375
0.01844625
0.017032500000000002
0.016337083333333332
0.014515833333333334
0.014574166666666666
0.014478333333333334
0.02226208333333333
0.0162625
0.011567916666666666
0.011969166666666664
0.18900166666666665
0.47508833333333333
0.19017666666666666
0.7128708333333332
0.7714416666666667
0.3014533333333333
0.09867541666666667
0.24869458333333336
0.3908141666666667
0.36121958333333337
0.060011666666666665
0.35544624999999996
0.24601375000000003
0.16753166666666666
0.11866708333333333
0.12366458333333334
0.12944791666666666
0.19167916666666665
0.26748666666666665
0.27681625
0.35064333333333336
0.4043795833333334
0.5611791666666667
1.6962675
1.4878325000000003
0.9397841666666666
0.8073129166666666
0.8512487499999999
0.90856125
1.10327125
1.8292037500000002
2.0044066666666667
0.6393279166666667
0.64559125
0.50349875
0.35815833333333336
0.32714666666666664
0.28469083333333334
0.33417625
0.6684520833333334
0.45720333333333335
0.5550916666666666
0.6801779166666666
0.6957537500000001
0.47865125
0.4207508333333334
0.32447833333333337
0.47998708333333334
0.88163125
0.9377120833333334
0.5542250000000001
0.8950729166666668
0.6123762500000001
0.5813304166666667
0.3102754166666667
0.04611291666666667
0.08110291666666665
0.07794625
0.11746875000000001
0.11623125000000001
0.09608708333333334
0.16364208333333333
0.2343245833333333
0.17726458333333336
0.18779833333333332
0.17796166666666666
0.246285
0.27421083333333335
0.20457916666666667
0.5330466666666667
0.67973875
0.8748454166666667
0.51400375
0.5186508333333334
0.5763579166666667
0.7068974999999998
0.3552354166666667
0.31373375
0.14737583333333332
0.3602264
0.39989416666666666
0.29895458333333336
0.3961945833333333
0.2974575
0.2672270833333334
0.27242375
0.33010375
0.39807583333333335
0.39708458333333335
0.29932166666666665
0.25180583333333334
0.020017916666666666
0.019962499999999998
0.258675
0.41466166666666665
0.18677083333333333
0.24502166666666667
0.3378729166666667
0.4418095833333333
0.75221625
0.47665291666666665
1.7791329166666667
0.6058454166666666
0.5419995833333333
0.6886674999999999
0.64127
0.7092579166666666
0.5774962499999999
0.7733316666666665
2.4162137500000003
4.026073333333334
3.4420875
2.802505
2.6856158333333333
2.709135
2.0696554166666665
1.9041879166666666
2.016201666666667
2.798678333333333
2.990732083333333
2.473980416666667
2.533785
3.0278037500000003
4.052414166666666
4.683537916666666
2.4048129166666663
1.3297866666666667
1.23088125
0.8079295833333333
0.9473579166666667
1.1565570833333332
1.581720416666667
1.6725820833333334
0.8296475
0.68283875
0.7405137500000002
0.38220041666666665
0.5979904166666666
0.7946004166666668
0.3018708333333333
0.3157358333333334
0.24725250000000001
0.5303908333333334
1.2723454166666668
1.0925229166666666
0.7555350000000001
0.7375745833333333
0.8345845833333333
0.7710374999999999
0.445735
0.8210033333333334
1.0181820833333333
0.6038341666666667
0.6201491666666666
0.9047925
0.7687704166666668
0.5519075
0.8798820833333334
0.6607641666666667
0.7871191666666667
1.35401125
0.8932154166666667
0.7816108333333333
0.6468729166666667
0.5857333333333333
0.39489041666666663
0.2599245833333333
0.4566516666666667
0.4837879166666667
0.3455983333333334
0.32699125
0.28671291666666665
0.7126245833333332
0.9935716666666666
1.025075
0.8637658333333333
0.6208758333333333
0.3728604166666667
0.40660875
0.40915750000000006
0.31222583333333337
0.241725
0.29390166666666667
0.393665
0.2518945833333333
0.27041166666666666
0.5118029166666667
0.6505183333333333
0.4062308333333333
0.4213058333333333
0.31372041666666667
0.4635345833333333
0.48867625
1.0049074999999998
0.4319729166666666
0.43091708333333334
0.55720375
0.3521825
0.4275595833333334
0.30752583333333333
0.39181333333333335
0.3013045833333333
0.23900125000000003
0.2787458333333333
0.3273441666666667
0.5070041666666666
1.34404875
0.9978916666666665
0.8001004166666666
0.7540400000000002
0.7002616666666667
0.8585220833333334
0.6266083333333333
0.7844804166666668
0.7150333333333334
0.6103291666666667
0.6600795833333333
0.35487124999999997
0.3869
0.47716416666666667
0.5432312499999999
0.6057208333333334
0.5207258333333333
0.46434625
0.5228583333333333
0.5479370833333334
0.5592591304347827
0.8160975
0.8802020833333333
1.0934791666666666
0.8113075
0.7595816666666666
0.6394416666666668
0.7202333333333334
0.8766025000000001
1.24903375
1.2202154166666668
0.6918258333333333
0.6424620833333333
0.6409129166666666
0.5935133333333333
0.3744954166666667
0.3891145833333333
0.4390325
0.20924458333333332