1.1510270833333334
1.5180683333333331
1.1917508333333333
0.72292375
1.1904295833333334
1.22328875
1.1592274999999999
0.7321916666666667
0.42064583333333333
0.4557925
0.5016845833333333
0.4414416666666667
0.4504729166666667
0.36453458333333333
0.23055166666666668
0.20774791666666667
0.24084416666666666
0.21636166666666667
0.21807500000000002
0.5846829166666666
0.6351370833333333
0.6239337500000001
0.39124541666666673
0.31137333333333334
0.31771333333333335
0.49948041666666665
0.5796879166666667
0.5991987499999999
0.6556729166666667
0.5437925
0.3786133333333333
0.41783333333333333
0.34104208333333336
0.3550683333333333
0.4416379166666667
0.5094275
0.5120316666666667
0.5015325
0.4532679166666667
0.42754999999999993
0.47974541666666665
0.27819041666666666
0.20005499999999998
0.17597208333333333
0.18205083333333336
0.19362083333333335
0.17415625
0.17136875
0.1780779166666667
0.15137416666666667
0.13549541666666667
0.18099208333333336
0.14612625
0.12200041666666667
0.12675124999999998
0.1446425
0.15006333333333333
0.2723683333333333
0.15432083333333332
0.15082500000000001
0.12585541666666666
0.274195
0.18797958333333334
0.2578520833333333
0.20790833333333336
0.13971333333333333
0.12934708333333333
0.12719083333333334
0.15918666666666667
0.14090624999999998
0.12670499999999998
0.12467
0.12288041666666666
0.12721208333333334
0.12029000000000001
0.15446375
0.13581833333333335
0.15104541666666668
0.15468
0.14094291666666667
0.12870041666666665
0.13520708333333334
0.15637125
0.5612429166666666
0.12524708333333334
0.13411375
0.14401791666666666
0.14307625000000002
0.14004
0.1428104166666667
0.134885
0.13122041666666667
0.15265458333333334
0.16440416666666666
0.14650083333333333
0.13827875
0.14788083333333335
0.15853333333333333
0.14929708333333333
0.14098166666666667
0.14412541666666667
0.1381975
0.15125333333333332
0.16163125
0.16168916666666666
0.1396416666666667
0.13100666666666666
0.12494
0.11905416666666667
0.12954374999999999
0.1536991666666667
0.14819541666666666
0.13544083333333332
0.13411041666666668
0.12402124999999999
0.11745541666666669
0.13185
0.12930666666666665
0.24237833333333333
0.15098
0.35163083333333334
0.16364333333333334
0.191105
0.20750083333333333
0.51622625
0.2688345833333334
0.2713845833333333
0.16214916666666668
0.14871708333333333
0.20693833333333334
0.11990416666666666
0.15361625
0.16149541666666667
0.22512458333333332
0.23172125000000002
0.18997458333333336
0.15882208333333334
0.14398166666666667
0.14571208333333333
0.13429916666666666
0.12814499999999998
0.13153541666666668
0.13220166666666666
0.1292425
0.12955208333333335
0.13314125000000002
0.1263591666666667
0.13613791666666666
0.15822375
0.17708
0.16167708333333333
0.14433208333333333
0.12611041666666667
0.135745
0.17368208333333335
0.12743541666666666
0.11048708333333335
0.05147458333333333
0.13274916666666667
0.14836041666666666
0.13728083333333332
0.11873833333333332
0.10162875
0.12493416666666667
0.07936833333333333
0.07436791666666666
0.0941225
0.12326
0.13199708333333335
0.12661791666666666
0.12981958333333332
0.13148625
0.13280291666666666
0.09463500000000001
0.07030874999999999
0.06693791666666667
0.0829725
0.09842166666666667
0.047217499999999996
0.122465
0.12369625
0.12285
0.11455
0.11498458333333332
0.12176291666666667
0.08122833333333333
0.07632833333333333
0.10685166666666668
0.09398374999999999
0.07265791666666667
0.09331208333333334
0.10840500000000002
0.12623041666666668
0.10396916666666667
0.09289541666666667
0.11559041666666665
0.12711124999999998
0.11710291666666665
0.11278666666666666
0.059792500000000005
0.06945625
0.14382874999999998
0.09573041666666667
0.10184083333333332
0.054269583333333336
0.06749291666666667
0.04014708333333333
0.034799166666666666
0.03383083333333333
0.0213675
0.032293333333333334
0.03211041666666667
0.021515416666666665
0.018199999999999997
0.016060833333333333
0.023152916666666662
0.01606583333333333
0.017655833333333332
0.014879583333333335
0.013119583333333332
0.018226666666666665
0.020067916666666668
0.032960416666666666
0.018474166666666667
0.018030833333333333
0.014876666666666668
0.014549166666666667
0.012284166666666665
0.0178425
0.018604583333333334
0.026270833333333337
0.021340416666666667
0.024704166666666666
0.019787083333333334
0.018405416666666664
0.018415833333333333
0.022279999999999998
0.017611666666666668
0.016787916666666666
0.017766666666666667
0.022286249999999997
0.01734375
0.024257499999999998
0.02071375
0.01844625
0.017032500000000002
0.016337083333333332
0.014515833333333334
0.014574166666666666
0.014478333333333334
0.015121249999999998
0.0162625
0.011456666666666665
0.0059054166666666665
0.009166666666666667
0.008888333333333333
0.008888333333333333
0.010150833333333333
0.010095416666666667
0.01137625
0.01385375
0.007163333333333333
0.007578333333333333
0.0062162499999999996
0.00716625
0.005863333333333334
0.012121666666666664
0.01313375
0.09563125
0.09815999999999998
0.07245458333333334
0.08407750000000001
0.10923833333333333
0.11850374999999998
0.21263583333333333
0.1386625
0.13896250000000002
0.13965000000000002
0.13915708333333332
0.3096729166666667
0.35706875
0.56889
0.5788358333333333
0.4084295833333333
0.3213975
1.8020333333333334
0.5834262499999999
0.546265
0.48687624999999995
0.30077916666666665
0.27079916666666665
0.2088604166666667
0.21200166666666667
0.3780329166666667
0.3074383333333333
0.30168208333333335
0.23903291666666668
0.24764708333333332
0.17869500000000002
0.17143374999999997
0.23021458333333333
0.2988866666666667
0.4016583333333334
0.4675533333333333
0.32322541666666665
0.4527258333333333
0.50063375
0.3990925
0.24626833333333334
0.04611291666666667
0.08110291666666665
0.07794625
0.11746875000000001
0.12032333333333334
0.09608708333333334
0.157685
0.17129041666666667
0.1690675
0.17149916666666667
0.17003958333333333
0.18347999999999998
0.21192124999999998
0.16857
0.19838666666666663
0.22020874999999998
0.18547666666666665
0.19484416666666662
0.26681041666666666
0.23287458333333333
0.2699854166666667
0.21595875
0.18245999999999998
0.13901958333333334
0.1737844
0.21462458333333334
0.17964124999999997
0.17648291666666668
0.18789166666666668
0.18511333333333332
0.17921833333333334
0.18885916666666666
0.17861708333333334
0.31763708333333335
0.18322000000000002
0.22106583333333338
0.020017916666666666
0.025106666666666666
0.16977875
0.18885875
0.18639541666666667
0.2040445833333333
0.18763083333333333
0.19189333333333333
0.19829416666666666
0.22884333333333332
1.7791329166666667
0.5158591666666666
0.39992791666666666
0.3868079166666667
0.5900966666666667
0.6335316666666667
0.3221541666666667
0.4822054166666667
2.1165404166666666
2.446838333333333
1.7277725000000002
0.8207479166666666
0.7469362500000001
0.7134095833333335
0.6441475
0.6152670833333332
1.0412395833333334
0.9055129166666666
1.07961875
1.6742745833333332
1.4998704166666668
2.5357079166666665
3.2231850000000004
1.3789283333333333
1.3658124999999999
0.8502791666666666
1.0113445833333332
0.65509625
0.9157070833333333
0.7892079166666667
1.0492616666666665
1.0869233333333332
0.7919050000000002
0.6821054166666668
0.5803349999999999
0.37734833333333334
0.40459249999999997
0.5624529166666666
0.2775916666666667
0.2520120833333333
0.24725250000000001
0.33250375
0.8487229166666665
0.7960083333333333
0.5445125
0.4753175
0.5101808333333334
0.43233041666666666
0.31305083333333333
0.5117437499999999
0.42226541666666667
0.39363
0.39133666666666667
0.5204266666666667
0.46285375
0.28228583333333335
0.6742175
0.49062
0.4853525
0.5433779166666667
0.5567933333333334
0.5071170833333333
0.44034208333333336
0.4649970833333334
0.3696650000000001
0.2599245833333333
0.42563708333333333
0.43406625000000004
0.3455983333333334
0.32699125
0.28671291666666665
0.5252175
0.47966291666666666
0.6165875
0.5869833333333333
0.38994541666666666
0.34749
0.30516625000000003
0.26965958333333334
0.23531833333333332
0.21295624999999999
0.24013625000000002
0.24051625
0.2503275
0.2598991666666666
0.2539925
0.24443916666666668
0.25931166666666666
0.2927225
0.27952791666666665
0.28483375
0.29319708333333333
0.61137875
0.26567500000000005
0.262905
0.2824979166666666
0.2760529166666667
0.26569666666666664
0.26733291666666664
0.25986375
0.25794291666666663
0.23520208333333334
0.25644416666666664
0.2717441666666666
0.28421708333333334
1.1802541666666666
0.9978916666666665
0.8001004166666666
0.7540400000000002
0.7002616666666667
0.7586849999999999
0.6266083333333333
0.43218958333333335
0.6664862500000001
0.5899991666666667
0.5473204166666666
0.2884508333333333
0.3071920833333333
0.31597416666666667
0.37581625
0.31783541666666665
0.33877124999999997
0.28662583333333336
0.43055416666666674
0.34093708333333334
0.3854182608695652
0.61318
0.46429583333333335
0.590805
0.3939329166666667
0.34797458333333336
0.4015166666666667
0.36174500000000004
0.343825
0.37330083333333336
0.3641320833333333
0.34333583333333334
0.3706004166666667
0.4406375
0.4183570833333334
0.31302625
0.33739041666666664
0.32218291666666665
0.20924458333333332