-10.841176470588234
-9.770588235294117
-10.611764705882353
-8.4
-8.158823529411764
-11.547058823529412
-10.835294117647058
-7.047058823529412
-3.6933333333333334
-2.9411764705882355
-1.6235294117647059
-1.0823529411764705
-0.4
-0.9599999999999999
1.3
1.5999999999999999
-0.38125
0.975
0.9352941176470588
-1.9823529411764704
-4.764705882352941
-3.911764705882353
-5.3
-8.91764705882353
-9.105882352941178
-8.188235294117646
-10.294117647058824
-7.711764705882352
-8.4875
-4.394117647058824
-3.235294117647059
-5.088235294117648
-1.4882352941176469
-0.2352941176470587
-3.9
-4.788235294117647
-9.641176470588235
-8.341176470588236
-5.552941176470589
-3.9823529411764707
-3.2294117647058824
-0.876470588235294
-0.10000000000000006
4.605882352941177
2.3142857142857136
-3.3352941176470585
-1.6294117647058826
-0.9714285714285715
-1.9363636363636365
0.4882352941176469
-2.558823529411765
-2.8176470588235296
-1.5764705882352938
-1.0176470588235293
-0.4411764705882352
-2.9117647058823524
-0.6411764705882352
1.647058823529412
-0.5764705882352942
1.5941176470588234
0.5470588235294118
-6.917647058823529
-7.318181818181818
-8.018181818181818
-7.135294117647059
-1.3941176470588235
-1.6058823529411768
-1.9058823529411764
-1.7
1.0058823529411764
1.1411764705882355
-0.2176470588235295
-3.929411764705882
-0.3764705882352941
2.5
0.5588235294117649
-0.623529411764706
-0.6764705882352942
-1.7588235294117647
-3.1882352941176473
-4.664705882352941
-5.523529411764706
-2.7647058823529416
-4.647058823529412
-1.7117647058823529
0.3470588235294117
-1.858823529411765
-3.0352941176470587
1.0941176470588236
0.36470588235294116
1.6058823529411765
0.9058823529411765
-1.5750000000000002
-4.135294117647058
-3.923529411764706
-1.9235294117647062
0.41176470588235287
-2.1
-3.3764705882352946
-2.075
-0.5411764705882353
-2.3352941176470585
-1.6529411764705884
-0.7470588235294118
-0.5411764705882354
0.09999999999999998
0.9647058823529411
1.825
2.2588235294117647
2.4125
1.4187500000000002
1.5312499999999998
1.4941176470588236
3.78125
6.576470588235293
4.094117647058823
3.4250000000000003
5.035294117647059
-1.1705882352941175
-3.2352941176470593
-2.3647058823529408
-3.1176470588235294
-2.011764705882353
0.7529411764705882
0.11176470588235284
-2.190909090909091
-1.5941176470588234
-1.2705882352941178
-1.0058823529411764
1.5294117647058822
4.341176470588236
2.4647058823529413
2.011764705882353
2.682352941176471
2.7705882352941176
3.4937500000000004
4.675
5.5
5.888235294117647
6.84375
8.8125
9.605882352941178
9.905882352941177
7.3882352941176475
5.541176470588234
6.305882352941176
5.194117647058824
2.98235294117647
3.375
4.2875
5.137499999999999
6.237500000000001
6.8625
4.3
3.7125000000000004
6.887500000000001
8.0625
8.1375
5.9375
7.875
8.5625
7.125
7.7625
7.675000000000001
8.25
8.899999999999999
8.323529411764707
9.011764705882353
10.064705882352941
10.7875
11.575
9.794117647058822
10.064705882352941
11.229411764705883
11.423529411764704
10.776470588235293
9.5625
7.55625
9.5625
7.711764705882352
10.152941176470588
10.452941176470588
10.664705882352942
11.105882352941176
11.376470588235295
12.76470588235294
13.423529411764704
15.5125
15.276470588235293
13.194117647058825
13.794117647058824
14.376470588235295
14.05
12.681818181818182
12.518181818181818
14.026666666666664
14.346153846153843
14.315384615384614
14.358823529411765
14.411764705882353
12.382352941176473
14.547058823529413
14.752941176470587
14.91764705882353
17.041176470588233
18.605882352941176
20.005882352941175
18.805882352941172
17.456249999999997
16.49375
16.325
18.90625
19.6
16.75
14.63125
13.4125
13.4375
12.76875
14.0125
15.200000000000001
14.125
13.837499999999999
14.89375
13.868749999999999
12.58
10.066666666666666
9.093333333333332
9.726666666666667
14.0
11.6
13.086666666666664
19.921428571428574
19.61428571428571
12.293333333333333
10.993333333333332
11.553333333333335
11.566666666666665
11.57333333333333
10.833333333333334
10.106666666666667
11.853333333333333
12.413333333333329
12.186666666666664
13.440000000000001
11.593333333333334
15.300000000000004
15.140000000000004
14.593333333333337
13.393333333333336
12.099999999999998
14.326666666666666
14.287500000000001
17.264285714285712
18.28235294117647
18.064705882352943
18.11176470588235
18.61176470588235
19.325
18.59375
16.4375
14.212499999999999
16.65
16.45
14.225
12.5375
12.818750000000001
14.2
16.9125
15.98125
16.15
14.700000000000001
11.686666666666667
10.65625
10.6
11.162500000000001
10.681249999999999
10.78125
10.4125
11.7375
11.3125
9.764705882352942
10.641176470588235
10.670588235294119
10.347058823529412
11.276470588235295
12.058823529411764
11.794117647058824
10.641176470588237
10.058823529411766
10.894117647058822
10.205882352941176
9.652941176470588
9.035294117647059
7.070588235294117
6.252941176470588
8.623529411764707
10.641176470588235
9.476470588235294
8.347058823529412
8.173333333333334
8.946666666666667
9.56470588235294
7.288235294117648
6.626666666666666
8.547058823529412
7.947058823529413
6.735294117647059
7.2294117647058815
10.935294117647059
9.317647058823528
9.823529411764707
7.370588235294117
6.623529411764705
8.51764705882353
5.705882352941177
4.741176470588235
8.305882352941177
7.564705882352941
7.652941176470588
6.094117647058823
4.947058823529412
4.841176470588235
1.8235294117647058
1.5058823529411764
1.7705882352941174
2.3823529411764706
1.9058823529411764
4.376470588235294
5.947058823529411
4.947058823529411
7.788235294117648
8.770588235294117
8.541176470588235
5.637499999999999
7.111764705882353
7.347058823529412
8.41764705882353
7.229411764705882
7.317647058823528
6.0
4.8374999999999995
4.1625
3.1875000000000004
6.894117647058823
6.5125
8.3875
9.144444444444446
5.862500000000001
4.470588235294118
3.5874999999999995
0.41249999999999976
-1.2411764705882353
-2.2235294117647055
-4.3125
-4.800000000000001
-3.0529411764705876
-2.4000000000000004
-1.0411764705882351
-0.3470588235294118
0.6400000000000001
0.7941176470588236
1.7764705882352942
1.6764705882352942
0.8470588235294118
-0.11176470588235288
-1.2823529411764705
-1.3941176470588235
-2.85
-4.7
-6.8
-5.3125
-6.444444444444445
-8.7
-9.570588235294117
-11.03529411764706
-13.200000000000001
-12.675
-14.135294117647058
-14.818181818181818
-13.470588235294118
-11.7
-7.876470588235295
-4.2823529411764705
-4.811764705882353
-1.6117647058823528
-1.147058823529412
-1.5294117647058822
-8.117647058823529
-13.835294117647058
-10.305882352941177
-0.9882352941176471
-2.5294117647058822
-8.658823529411764
-3.1882352941176473
0.050000000000000266
0.7874999999999999
-4.4625
-7.5
-8.5375
-7.741176470588235
-6.25
-6.076470588235294
-4.625
0.5125
1.725
-0.08749999999999991
1.8352941176470585
1.6941176470588233
0.6647058823529415
-0.5411764705882353
-1.7625
-3.0749999999999997
-2.55
-1.4705882352941178
-4.074999999999999
-6.876470588235294
-8.4125
-9.1875
-6.550000000000001
-1.26
2.164705882352941
-0.4999999999999999
-5.4941176470588236
-3.575
-0.1625000000000001
1.5058823529411764
-2.3
-4.958823529411765
-8.78235294117647
-6.4
-8.305882352941175
-4.425
-4.3882352941176475
-1.7
-0.10588235294117657
1.788235294117647
-1.3529411764705883
-1.0066666666666666
-0.6529411764705884
1.1882352941176468
-2.5000000000000004
-1.0764705882352938
0.25
0.6117647058823531
-0.07647058823529411
-3.0
-0.17500000000000027
-0.7941176470588235
-2.4882352941176467
-2.0294117647058822
-2.5294117647058822
-2.458823529411765
-1.3941176470588235
-0.31764705882352945
-0.22352941176470587
-0.14117647058823543
-0.8176470588235293
-0.45000000000000007
-2.0352941176470587
-3.452941176470588
-6.576470588235295
-8.2375
-8.576470588235294
-7.6125
-9.735294117647058
-8.535294117647059
-5.8374999999999995
-3.5588235294117645
-3.1411764705882352
-3.8
-4.3375
-0.5588235294117647
-0.12499999999999989
0.16470588235294126
1.5470588235294118
-1.576470588235294
1.4470588235294117
2.4375
2.62
-0.22941176470588232
-5.475
-6.268750000000001
-5.51764705882353
-4.624999999999999
-4.352941176470588
-1.752941176470588
-2.3705882352941177
-2.0375
-1.45
0.9294117647058823
1.8235294117647058
0.5176470588235293
0.3687500000000001
1.6625
3.5125
4.11875
3.9124999999999996
4.670588235294118