-5.557142857142859
-7.392857142857143
-6.885714285714286
-4.971428571428571
-5.528571428571428
-7.135714285714286
-5.078571428571428
-2.914285714285714
-1.3428571428571427
-1.2000000000000004
-3.1142857142857143
-1.6142857142857139
0.5071428571428572
1.5076923076923079
3.7
4.2857142857142865
3.271428571428572
4.6571428571428575
2.9928571428571433
-4.371428571428572
-6.000000000000002
-4.161538461538461
-3.535714285714286
-7.457142857142856
-11.192857142857141
-11.528571428571428
-9.228571428571428
-4.314285714285714
-3.978571428571429
-0.15000000000000005
3.0857142857142854
0.9692307692307692
2.1
2.7214285714285715
0.08571428571428578
-3.6214285714285714
-7.942857142857142
-4.061538461538462
-2.307142857142857
-1.8571428571428572
-0.957142857142857
0.0714285714285715
1.9857142857142855
5.699999999999998
3.192857142857143
-0.8285714285714285
1.5384615384615385
0.6857142857142858
0.5071428571428571
1.928571428571429
-1.6857142857142855
-0.7357142857142858
1.65
2.5285714285714285
3.242857142857143
1.8357142857142854
2.492857142857143
3.2642857142857147
0.6428571428571429
2.1785714285714284
1.4285714285714286
-2.3714285714285714
-2.1428571428571423
-1.8142857142857145
-1.3571428571428577
0.5928571428571429
0.021428571428571415
-0.6000000000000002
-0.4142857142857142
2.107142857142857
1.907142857142857
-0.23571428571428574
-3.035714285714285
0.0928571428571431
2.9857142857142853
2.1571428571428575
0.9214285714285715
0.2928571428571428
-1.2071428571428573
-0.12857142857142856
-2.7285714285714286
-4.492857142857143
-1.2571428571428573
-3.042857142857143
-0.6928571428571433
0.5285714285714287
-0.8500000000000002
-2.628571428571429
0.20000000000000012
0.29999999999999993
1.2785714285714285
0.5428571428571428
-1.7142857142857142
-3.6714285714285717
-2.9214285714285717
-2.342857142857143
-2.285714285714286
-3.05
-2.8928571428571432
0.007142857142857181
1.385714285714286
0.8923076923076925
1.6071428571428572
1.6857142857142857
1.207142857142857
1.1857142857142857
1.9357142857142855
1.6357142857142857
0.6857142857142857
1.2142857142857142
1.1571428571428573
1.5214285714285716
0.24999999999999992
2.9428571428571426
4.871428571428572
5.264285714285714
4.6571428571428575
4.82142857142857
0.3714285714285715
-2.4499999999999997
-3.0214285714285714
-2.6571428571428575
-2.4214285714285717
0.2928571428571428
1.7285714285714284
-0.25714285714285695
-2.0142857142857147
-0.9846153846153847
-0.6499999999999997
0.45000000000000007
1.376923076923077
0.9571428571428572
1.1285714285714286
2.5928571428571425
3.5857142857142854
4.442857142857143
3.0
3.5857142857142854
4.521428571428571
5.121428571428572
6.321428571428571
7.9
8.935714285714287
8.707142857142857
6.535714285714286
4.692857142857143
5.971428571428571
5.549999999999999
4.192857142857143
4.628571428571429
4.828571428571428
5.492857142857142
5.057142857142856
4.128571428571429
4.1571428571428575
6.5
7.485714285714287
7.1571428571428575
5.471428571428571
6.464285714285714
8.071428571428571
7.471428571428571
6.392307692307693
6.499999999999999
7.007142857142857
8.107142857142856
9.557142857142855
9.778571428571428
9.457142857142856
8.4
9.907142857142857
10.035714285714288
9.6
10.828571428571431
10.092857142857142
8.514285714285714
8.178571428571429
6.9785714285714295
8.85
8.257142857142856
7.478571428571429
8.892857142857144
9.928571428571429
10.142857142857142
10.678571428571429
11.65
12.52857142857143
13.450000000000001
13.971428571428573
11.814285714285715
11.89285714285714
12.335714285714285
12.057142857142859
11.3
9.671428571428569
10.678571428571429
11.907142857142857
13.25
12.778571428571428
10.999999999999998
9.457142857142857
11.035714285714288
12.514285714285716
12.47857142857143
13.892857142857142
15.657142857142857
18.578571428571426
16.764285714285712
13.678571428571429
12.814285714285715
13.592857142857142
15.792857142857144
16.65
14.87857142857143
13.05714285714286
11.571428571428571
10.571428571428573
10.978571428571426
12.492857142857144
13.12142857142857
11.792857142857143
11.978571428571428
14.842857142857143
16.12857142857143
14.250000000000002
11.342857142857143
10.299999999999999
11.464285714285714
12.47142857142857
14.621428571428568
16.742857142857144
19.87857142857143
19.785714285714285
17.57142857142857
15.642857142857144
12.371428571428572
14.264285714285716
12.285714285714286
11.914285714285713
12.45
13.492857142857144
13.542857142857144
13.778571428571428
11.907142857142857
11.457142857142857
14.357142857142858
14.342857142857142
11.542857142857144
11.042857142857141
10.821428571428571
12.357142857142858
13.785714285714286
15.585714285714289
16.12857142857143
15.978571428571428
16.635714285714286
17.25
18.749999999999996
18.042857142857144
15.714285714285717
12.364285714285716
12.64285714285714
13.042857142857143
12.828571428571427
10.807142857142855
12.471428571428572
15.135714285714284
16.478571428571428
15.407142857142858
13.785714285714286
13.250000000000002
13.950000000000001
13.064285714285715
12.707142857142859
12.35
12.450000000000001
12.5
12.407142857142857
12.77857142857143
12.257142857142858
11.25
11.899999999999997
11.064285714285715
11.27142857142857
11.85
11.807142857142859
11.1
10.585714285714287
8.907142857142857
8.685714285714287
9.535714285714286
8.92142857142857
8.078571428571427
6.507142857142857
6.764285714285715
9.335714285714287
10.349999999999998
7.928571428571429
6.821428571428574
8.028571428571428
7.778571428571428
9.085714285714285
8.142857142857142
5.528571428571429
8.321428571428573
7.864285714285715
7.942857142857143
8.542857142857143
10.385714285714284
9.071428571428571
9.378571428571428
6.6428571428571415
6.528571428571429
8.178571428571429
5.8
6.057142857142858
7.542857142857144
4.978571428571429
5.8500000000000005
5.935714285714285
5.35
6.614285714285715
3.892857142857143
3.292857142857143
4.478571428571429
5.507142857142858
7.299999999999999
7.8
7.771428571428572
7.785714285714285
9.142857142857142
10.057142857142855
9.292857142857143
6.957142857142856
8.678571428571427
8.871428571428572
7.621428571428571
7.028571428571428
7.742857142857143
5.964285714285714
5.714285714285714
5.907142857142857
6.992857142857142
7.821428571428572
7.385714285714286
10.435714285714285
9.471428571428572
7.171428571428571
7.085714285714286
5.871428571428572
3.900000000000001
1.442857142857143
-0.32142857142857156
-2.6999999999999997
-4.042857142857144
-3.0857142857142854
-2.121428571428571
0.8357142857142856
3.1214285714285714
4.428571428571429
3.9928571428571433
5.014285714285714
4.485714285714286
2.778571428571429
1.3428571428571427
0.035714285714285844
-1.6642857142857148
-1.5428571428571427
-3.028571428571429
-5.3928571428571415
-5.464285714285714
-7.299999999999999
-9.535714285714286
-8.185714285714287
-9.299999999999999
-9.721428571428572
-8.614285714285716
-9.27142857142857
-10.307142857142859
-13.235714285714286
-10.507142857142856
-3.185714285714286
-0.6071428571428569
-0.9857142857142855
0.6500000000000001
1.1857142857142855
0.7071428571428571
-4.814285714285715
-9.8
-3.757142857142857
1.0857142857142856
-0.3785714285714286
-2.3571428571428577
-0.28571428571428553
1.3499999999999999
1.842857142857143
-3.078571428571429
-2.857142857142857
-1.607142857142857
-1.1285714285714288
-2.6285714285714286
-1.9214285714285715
0.3785714285714287
3.414285714285714
2.792857142857143
1.05
2.5857142857142854
2.0
0.8785714285714287
-0.7642857142857141
-0.764285714285714
-1.95
-1.592857142857143
-1.7642857142857142
-4.164285714285715
-8.078571428571427
-11.657142857142857
-9.778571428571428
-6.121428571428572
0.5357142857142857
2.9499999999999997
-0.10000000000000009
-3.414285714285714
0.15714285714285706
2.7142857142857144
1.5357142857142858
-0.26428571428571423
0.07142857142857159
-3.464285714285714
-2.5928571428571425
-3.2071428571428564
-0.7571428571428575
0.2214285714285713
1.0071428571428571
2.35
2.15
9.516197353929913e-17
3.7928571428571423
4.564285714285715
3.1142857142857143
0.25714285714285695
0.7214285714285715
2.6285714285714286
3.1214285714285714
1.0357142857142858
-0.8500000000000002
2.9714285714285715
3.042857142857143
1.9214285714285713
0.7428571428571429
-0.3000000000000001
-3.0928571428571425
-4.592307692307691
-3.1999999999999997
-2.2928571428571436
-2.4357142857142855
-2.507142857142857
-0.9214285714285715
-0.8714285714285718
-4.9
-7.271428571428572
-6.942857142857143
-9.142857142857142
-7.8428571428571425
-9.37857142857143
-8.178571428571429
-6.235714285714287
-1.857142857142857
-0.8928571428571429
-2.9499999999999997
-4.207142857142857
0.3714285714285714
2.5500000000000003
2.6357142857142857
2.2
-0.23571428571428582
1.9857142857142855
3.357142857142857
3.0500000000000003
2.242857142857143
-0.4214285714285714
-3.3285714285714283
-4.207142857142857
-2.157142857142857
-1.7357142857142855
-0.807142857142857
-0.7142857142857143
-2.45
-1.485714285714286
-0.8071428571428572
-0.4142857142857142
-0.10000000000000009
0.8071428571428572
2.2071428571428573
3.9285714285714284
3.6285714285714286
4.185714285714286
3.535714285714286