-7.886666666666667
-7.706666666666666
-10.866666666666667
-5.74
-5.833333333333333
-9.120000000000001
-8.666666666666666
-5.946666666666667
-1.7642857142857142
-2.3999999999999995
-2.5600000000000005
-0.08000000000000002
0.6285714285714287
-6.344131569286608e-17
1.9066666666666667
3.0533333333333332
4.185714285714286
5.3500000000000005
2.05
0.22142857142857147
-1.4866666666666666
-2.9066666666666667
-4.55
-8.733333333333333
-4.826666666666667
-2.2666666666666666
-5.7733333333333325
-7.486666666666666
-7.386666666666667
-5.1866666666666665
-2.5066666666666664
-2.473333333333333
-0.3133333333333333
-0.3
-4.719999999999999
-5.793333333333334
-6.953333333333333
-7.4866666666666655
-5.526666666666667
-4.239999999999999
-2.94
0.16666666666666666
3.3533333333333335
5.2
1.75
0.11333333333333326
0.08000000000000007
-0.18571428571428567
2.1076923076923078
1.3066666666666669
-2.6
-0.7933333333333332
1.9266666666666667
3.9199999999999995
2.853333333333334
0.03333333333333332
0.4625
0.6533333333333334
-0.13333333333333341
0.7875
-0.5
-4.826666666666666
-5.300000000000001
-6.384615384615385
-5.013333333333334
-1.1933333333333331
-0.5599999999999999
-1.2199999999999998
-0.5466666666666667
0.26
0.05999999999999996
-1.0866666666666667
-3.1199999999999997
-0.1857142857142857
1.6999999999999997
-1.1714285714285713
-3.32
-2.8857142857142852
-3.6399999999999992
-3.4866666666666664
-4.713333333333334
-3.4466666666666668
-2.706666666666666
-3.86
-0.9866666666666667
0.2666666666666667
-1.2666666666666668
-1.02
2.0733333333333333
1.0466666666666666
2.0733333333333333
1.8599999999999999
0.27
-3.3333333333333335
-3.3
-0.15333333333333338
2.5599999999999996
0.26
0.8733333333333332
3.253846153846154
3.5933333333333333
3.0600000000000005
3.7199999999999998
3.4399999999999995
1.926666666666667
2.2733333333333334
4.3533333333333335
3.273333333333334
5.713333333333335
4.633333333333334
2.78
1.5066666666666668
3.48
6.299999999999999
5.220000000000001
1.9199999999999997
2.9
1.9733333333333334
-2.1666666666666665
-3.6599999999999993
-2.046666666666667
-2.4066666666666667
-1.4866666666666668
-0.6466666666666668
-1.642857142857143
-2.953846153846153
-2.3642857142857143
-3.1142857142857143
-2.5000000000000004
-0.1266666666666666
1.7533333333333334
1.3866666666666665
1.8599999999999999
3.015384615384615
3.064285714285714
2.875
4.841666666666667
5.773333333333334
7.413333333333333
7.813333333333334
7.466666666666667
7.846666666666667
6.099999999999998
5.8533333333333335
6.593333333333334
4.9399999999999995
2.2266666666666666
0.9857142857142857
2.62
2.2666666666666666
3.88
5.27
5.15
2.1100000000000003
2.0700000000000003
5.6899999999999995
6.960000000000001
5.4
3.3899999999999997
6.9
9.53
8.54
7.74
6.82
6.19
5.1866666666666665
4.586666666666668
6.513333333333334
9.646666666666667
11.45
12.2
11.226666666666665
10.506666666666668
12.186666666666667
12.971428571428572
12.335714285714285
9.628571428571428
7.871428571428573
6.613333333333332
5.8
10.326666666666664
12.786666666666667
11.02
10.780000000000001
9.973333333333334
9.113333333333333
8.346666666666668
9.473333333333333
11.6
11.333333333333332
11.473333333333333
12.906666666666665
13.860000000000001
13.076923076923077
10.72307692307692
10.308333333333335
10.938461538461537
11.763636363636364
13.071428571428571
11.62857142857143
10.392857142857142
12.028571428571428
11.200000000000001
10.464285714285714
13.585714285714287
16.514285714285712
20.0
19.849999999999998
18.564285714285713
14.642857142857144
14.407142857142858
17.84285714285714
20.414285714285715
17.42142857142857
14.1
13.9
11.613333333333332
9.933333333333334
9.826666666666666
10.786666666666667
9.813333333333334
10.273333333333332
12.08
15.193333333333332
13.535714285714286
10.15
9.414285714285713
9.233333333333336
10.16
11.473333333333333
13.133333333333331
16.40666666666667
14.393333333333334
12.213333333333335
12.586666666666668
13.835714285714285
16.450000000000003
13.585714285714285
10.178571428571429
10.378571428571428
13.442857142857145
15.65
14.064285714285713
10.785714285714288
10.778571428571428
14.628571428571428
12.921428571428573
11.55
10.285714285714286
11.266666666666666
12.935714285714285
14.1
15.99230769230769
14.73333333333333
13.333333333333332
13.693333333333335
15.373333333333333
17.979999999999997
18.026666666666664
13.819999999999999
11.421428571428574
15.55
14.314285714285715
12.64666666666667
11.046666666666665
11.978571428571428
15.62857142857143
18.385714285714283
16.335714285714285
12.506666666666664
10.846666666666668
10.406666666666666
10.026666666666667
9.559999999999999
10.10714285714286
10.54
10.746666666666668
11.166666666666666
11.446666666666665
10.066666666666668
9.093333333333335
10.940000000000001
11.133333333333333
9.533333333333333
9.67333333333333
10.046666666666665
11.333333333333334
9.993333333333334
9.153333333333334
9.453333333333331
8.84
8.38
7.5200000000000005
6.313333333333334
6.833333333333333
9.4
9.693333333333333
8.14
7.993333333333333
9.38
10.613333333333335
10.84
9.339999999999998
9.092857142857143
9.986666666666666
9.266666666666667
8.173333333333336
8.620000000000001
8.4
7.879999999999999
7.253333333333333
5.793333333333331
6.973333333333334
8.893333333333334
5.4
5.533333333333333
6.3533333333333335
5.333333333333333
6.066666666666666
6.0600000000000005
5.659999999999999
4.428571428571429
3.4
2.626666666666667
2.12
2.4133333333333336
2.573333333333333
3.5799999999999996
6.326666666666667
6.693333333333333
7.953333333333334
8.613333333333333
7.346666666666666
4.35
5.653333333333333
6.793333333333333
8.24
7.76
8.386666666666667
7.970000000000001
4.589999999999999
2.0600000000000005
2.36
4.02
5.113333333333333
8.02
8.440000000000001
5.29
4.1933333333333325
4.0600000000000005
3.06
1.4266666666666663
-0.48000000000000004
-2.3600000000000003
-4.13
-5.12
-2.3466666666666667
0.9066666666666667
1.9
3.72
3.8466666666666662
4.593333333333333
4.906666666666667
3.5214285714285714
0.9733333333333333
-1.1866666666666665
-3.0200000000000005
-5.054545454545455
-7.193333333333333
-4.576923076923077
-2.19
-4.107692307692308
-4.816666666666667
-9.966666666666667
-12.860000000000001
-13.9
-12.76923076923077
-15.026666666666669
-12.846153846153847
-7.34
-7.089999999999999
-9.7
-6.293333333333334
-4.173333333333333
-0.8200000000000001
-1.3599999999999999
-3.5799999999999996
-5.926666666666667
-7.233333333333333
-6.2266666666666675
0.5933333333333332
-0.3066666666666666
-5.607142857142857
-2.3400000000000003
1.2200000000000002
1.97
-4.9363636363636365
-11.036363636363635
-8.43
-5.857142857142857
-4.245454545454546
-3.2
-2.09
2.78
4.83
3.1799999999999993
2.7333333333333334
2.8533333333333335
-1.586666666666667
-3.0533333333333332
-1.8099999999999998
-2.97
-1.86
-1.7933333333333332
-4.0200000000000005
-6.333333333333332
-5.38
-5.98
-3.05
2.45
4.22
1.59
-0.7133333333333333
0.3062499999999999
0.8799999999999997
1.14375
-1.8375
-6.9125
-6.706250000000001
-6.43
-6.199999999999999
-2.66
0.54375
0.9375
1.96875
0.89375
-1.9
-1.6687500000000002
2.55625
4.8375
1.025
-0.3750000000000001
1.54375
0.18124999999999997
-0.6499999999999999
-2.15625
-1.2692307692307692
-2.45
-2.39375
-1.09375
-1.3875
-2.00625
0.70625
2.16875
2.326666666666666
2.9562500000000003
2.49375
1.9100000000000001
-2.6375
-2.95
-6.1466666666666665
-8.718181818181819
-9.425
-11.407692307692308
-9.7625
-6.65625
-5.15
-3.0625
-2.6
-2.2600000000000002
-2.82
1.15625
1.5399999999999998
-0.02500000000000005
0.7312500000000001
-0.75
0.28125
1.49375
0.4937500000000001
-3.25625
-5.22
-5.385714285714286
-7.03125
-6.090000000000001
-5.993333333333333
-4.45625
-3.225
-1.8399999999999999
0.24999999999999964
2.44375
3.3687500000000004
3.14375
2.10625
3.21
3.09375
5.025
6.71875
7.025
7.88