-11.334999999999999
-7.554999999999998
-9.684999999999999
-11.079999999999998
-14.0
-16.435
-14.940000000000001
-13.270000000000001
-12.657894736842104
-7.83
-6.514999999999999
-4.265
-2.1900000000000004
-1.275
0.026315789473684258
-0.2894736842105261
0.9555555555555557
1.4736842105263157
-0.33157894736842103
-6.42
-10.21
-11.664999999999997
-8.77
-9.260000000000002
-8.404999999999998
-11.410526315789474
-11.547368421052632
-11.73157894736842
-10.999999999999998
-7.175
-7.710000000000003
-10.254999999999999
-7.08
-4.62
-6.495
-8.91578947368421
-9.045
-13.855
-13.485000000000003
-12.844999999999999
-13.985000000000003
-7.1
0.08500000000000005
-0.02631578947368419
-1.077777777777778
-1.6949999999999998
-2.5200000000000005
-4.515789473684211
-2.1999999999999997
-0.039999999999999904
-2.82
-6.352631578947369
-4.010526315789474
2.3421052631578942
0.7684210526315791
-3.2421052631578946
-4.757894736842105
-5.375
-6.010000000000001
-8.155000000000001
-9.07
-10.44
-11.86111111111111
-14.116666666666667
-12.31
-8.81
-4.86
-2.71
-5.4
-4.1899999999999995
-3.09
-4.17
-5.195
-9.195
-9.59
-7.5950000000000015
-8.78
-8.940000000000001
-6.17
-6.410000000000001
-5.464999999999999
-8.4
-11.204545454545455
-13.609090909090908
-11.29090909090909
-4.931818181818181
-4.05
-6.450000000000002
0.8863636363636364
1.9954545454545458
0.8954545454545454
0.7499999999999999
-1.3055555555555556
-2.809090909090909
-1.8318181818181818
-2.1409090909090907
-2.3863636363636362
-2.377272727272727
-1.9318181818181819
0.40000000000000013
2.290909090909091
2.4863636363636363
0.7545454545454546
-0.25909090909090904
1.3409090909090908
0.4136363636363637
2.05
2.3409090909090904
3.05
4.459090909090909
3.590909090909091
1.6409090909090907
2.1590909090909096
-0.1818181818181817
-1.8136363636363635
-3.4045454545454548
-6.066666666666666
-5.75
-5.927272727272726
-3.777272727272727
-5.263636363636365
-5.127272727272728
-3.3818181818181814
-4.654545454545454
-5.618181818181818
-7.173684210526316
-2.95
-1.3476190476190475
-3.159090909090909
-0.07272727272727274
1.2590909090909093
0.6454545454545454
0.8272727272727274
0.0636363636363637
-0.6863636363636364
0.17727272727272725
2.395454545454545
4.2318181818181815
4.3909090909090915
5.286363636363635
5.031818181818182
3.8409090909090917
3.213636363636364
2.745
3.0772727272727267
1.7909090909090901
-2.7181818181818183
-3.8666666666666667
-3.1222222222222222
-2.2222222222222228
-0.7611111111111111
-0.11666666666666654
-0.17777777777777773
-1.7222222222222223
-1.7000000000000002
0.011111111111111023
3.5388888888888888
3.422222222222222
0.5611111111111111
1.6055555555555556
3.611111111111111
3.861111111111111
3.572222222222222
3.488888888888889
3.7722222222222217
4.304761904761905
2.485714285714286
1.6047619047619048
3.3238095238095244
3.9000000000000004
5.222222222222221
7.166666666666668
7.490476190476191
8.900000000000002
10.999999999999998
11.209523809523809
10.523809523809522
8.704761904761904
6.580952380952381
8.071428571428571
10.876190476190477
12.223809523809521
12.366666666666665
12.585714285714284
11.542857142857143
8.880952380952381
6.357142857142857
6.742857142857144
6.823809523809524
6.357142857142857
6.990476190476191
7.690476190476191
9.457142857142857
9.742105263157894
9.052631578947368
8.98095238095238
8.352380952380951
8.514285714285714
8.742857142857142
9.62857142857143
9.242857142857142
9.785714285714286
9.785714285714285
7.761904761904762
9.242857142857142
10.442857142857143
13.485714285714288
16.514285714285716
19.333333333333332
21.766666666666666
19.51904761904762
15.385000000000002
18.03333333333333
20.56190476190476
17.32857142857143
14.566666666666666
14.59047619047619
11.914285714285715
10.299999999999999
9.957142857142859
10.800000000000002
12.038095238095238
11.342857142857145
15.429999999999998
12.928571428571429
12.685
11.235
10.11
9.39
10.125
10.940000000000001
12.419999999999998
13.440000000000001
11.479999999999999
10.375
10.300000000000002
12.245000000000001
13.554999999999998
11.935
9.569999999999999
10.729999999999999
12.74
13.430000000000001
10.790476190476191
12.364999999999998
12.610000000000001
13.554999999999998
11.405000000000001
10.41
9.91
9.484999999999998
10.73333333333333
12.090000000000002
11.935
9.735000000000001
9.25
10.05
12.094444444444443
17.410000000000004
14.916666666666666
10.675000000000002
13.75
12.776190476190477
13.419047619047618
13.615
10.71
10.760000000000002
13.084999999999999
15.059999999999999
12.739999999999998
9.445
8.53
7.530000000000001
7.284999999999999
6.209999999999999
6.355
6.194999999999999
6.435
6.6899999999999995
6.790000000000001
6.640000000000001
7.154999999999999
7.0950000000000015
8.114999999999998
7.705
7.090000000000001
7.550000000000002
7.69
7.44
8.27
8.115
7.45
6.609999999999999
4.609999999999999
5.66
8.915000000000001
9.450000000000001
8.47
8.41
8.96
8.16
7.095000000000001
7.010000000000001
4.695
3.275
4.2299999999999995
5.305
6.622222222222224
7.194736842105264
6.125000000000001
6.205
4.590000000000001
4.347368421052631
6.644444444444444
6.050000000000001
4.045
4.15
2.9800000000000004
3.7800000000000002
4.325
3.07
2.475
3.02
2.94
1.7047619047619054
1.7190476190476192
1.023809523809524
-0.9523809523809523
-1.8380952380952378
-0.8047619047619049
0.49523809523809526
2.6571428571428575
2.461904761904762
1.18
1.8142857142857143
3.2619047619047614
4.452380952380952
4.371428571428571
3.9761904761904754
3.177777777777777
3.1944444444444446
0.8999999999999999
-1.1444444444444446
-1.2909090909090908
-1.275
0.12777777777777768
1.938888888888889
1.5388888888888888
0.7954545454545453
-0.7166666666666668
-3.611111111111112
-4.3954545454545455
-4.095000000000001
-5.649999999999999
-7.305555555555555
-6.695454545454546
-7.050000000000001
-6.309090909090911
-5.618181818181819
-4.486363636363636
-3.436363636363637
-0.5409090909090911
-0.24090909090909085
-0.7727272727272729
-1.8909090909090907
-2.295454545454546
-2.4000000000000004
-4.761111111111111
-4.3909090909090915
-2.3750000000000004
-3.1500000000000004
-6.11
-4.763636363636363
-5.6000000000000005
-10.954545454545455
-12.805555555555554
-14.363636363636367
-15.142857142857146
-11.49
-8.31818181818182
-6.866666666666667
-8.490909090909092
-9.609090909090908
-7.495238095238093
-7.8136363636363635
-5.777272727272727
-6.786363636363637
-7.436363636363637
-6.422727272727273
-6.604545454545455
-6.045454545454544
-1.7857142857142858
-4.5590909090909095
-5.552380952380953
-3.6166666666666663
-1.6055555555555554
-1.7222222222222223
-3.2944444444444443
-6.127777777777777
-9.054545454545455
-8.794444444444444
-10.272727272727273
-10.022222222222224
-7.366666666666666
-4.433333333333334
-3.872222222222222
-3.1181818181818177
-1.5954545454545455
-2.0909090909090913
-5.231818181818182
-9.1
-6.666666666666667
-5.233333333333333
-4.3238095238095235
-3.8666666666666663
-3.440909090909091
-4.81111111111111
-0.2999999999999999
0.9888888888888889
0.2318181818181818
0.109090909090909
-1.7277777777777776
-0.09999999999999992
-0.054545454545454564
-2.244444444444445
-5.477272727272727
-5.590909090909092
-5.709090909090908
-9.536363636363637
-13.599999999999998
-9.67272727272727
-3.6666666666666665
1.1954545454545455
3.609090909090908
2.5590909090909095
0.6590909090909091
-3.0772727272727276
-4.095000000000001
-0.29545454545454547
1.0227272727272727
1.9727272727272727
2.009090909090909
0.9409090909090909
-0.8999999999999999
-2.163636363636364
-3.209090909090909
-5.519047619047619
-10.895454545454545
-10.431818181818183
-4.790909090909091
-4.136363636363637
-4.409090909090908
-1.9090909090909092
1.4090909090909092
-0.4636363636363637
1.1090909090909093
0.15454545454545457
-2.1722222222222225
-5.495454545454544
-7.545454545454547
-11.822727272727274
-15.177777777777774
-14.490909090909092
-9.49090909090909
-8.718181818181819
-9.195454545454545
-9.355555555555556
-9.227272727272727
-8.963636363636363
-7.177777777777777
-6.755555555555556
-8.490909090909092
-6.255555555555556
-3.9454545454545453
-2.9909090909090907
-4.3590909090909085
-7.486363636363637
-10.947619047619048
-11.227272727272727
-9.645454545454546
-9.488888888888887
-10.745454545454546
-10.772727272727273
-10.56111111111111
-6.768181818181821
-3.5954545454545457
-3.4136363636363636
-5.122222222222224
-2.7941176470588234
0.6666666666666666
2.0136363636363637
2.55
1.2454545454545454
1.6055555555555558
1.8409090909090906
1.2409090909090907
1.8363636363636366
2.7227272727272727
2.9000000000000004