-7.5125
-7.1625
-6.425
-3.8875
-4.875
-5.875
-4.012499999999999
-1.8499999999999999
-0.7874999999999999
-1.475
-4.075
-0.39999999999999997
1.6625
1.9125
4.028571428571428
4.785714285714286
4.357142857142857
4.788888888888888
2.6666666666666665
-2.7777777777777777
-2.911111111111111
-1.1333333333333333
-3.2222222222222223
-8.011111111111111
-7.1
-4.144444444444445
-6.5777777777777775
-3.5999999999999996
-2.6222222222222222
0.8111111111111111
2.6333333333333337
0.5777777777777777
2.7777777777777777
1.6444444444444444
0.35555555555555546
-1.5
-4.411111111111111
-2.2555555555555555
-2.311111111111111
-2.555555555555556
-0.5333333333333333
1.8888888888888888
4.166666666666667
6.566666666666666
4.4375
0.611111111111111
1.3222222222222222
0.41111111111111104
2.0777777777777775
1.1666666666666667
-1.3111111111111111
0.14444444444444443
1.822222222222222
2.9875
3.625
2.8375000000000004
2.3625
2.7
0.8555555555555555
2.177777777777778
0.9
-2.8111111111111113
-2.0777777777777775
-1.3777777777777775
-0.5
0.5111111111111112
0.625
0.25000000000000006
0.9875
1.9625
1.725
0.38750000000000007
-1.1125
1.1125
2.3625
1.925
0.6125000000000002
0.12222222222222218
-0.5555555555555556
-0.4875000000000001
-3.1333333333333337
-1.422222222222222
0.15000000000000002
-2.2874999999999996
0.4222222222222223
0.7666666666666666
0.7500000000000002
0.3875000000000002
1.075
0.06249999999999989
2.125
2.8625000000000003
-0.925
-2.925
-3.0999999999999996
-0.125
0.18888888888888883
-1.588888888888889
0.36250000000000004
4.716666666666666
3.7
3.8375
6.0375
5.5375
3.3
3.65
3.875
3.2750000000000004
2.6
2.0
2.4375
2.9444444444444446
1.8
4.122222222222223
5.1
4.1875
5.1000000000000005
4.977777777777778
1.1375000000000002
-1.5111111111111113
-1.7222222222222223
-1.4777777777777774
-1.0555555555555556
1.4777777777777776
1.2
-0.012499999999999956
-0.34999999999999987
-0.55
1.1102230246251565e-16
1.9000000000000001
2.711111111111111
2.5124999999999997
2.911111111111111
3.944444444444445
5.2875
5.612500000000001
4.5
5.55
6.311111111111111
6.4
6.675
8.577777777777776
9.244444444444445
8.575
7.133333333333332
6.2250000000000005
6.862500000000001
5.025
6.775
6.475
7.324999999999999
6.45
8.049999999999999
6.85
6.0
7.625
7.7749999999999995
7.25
6.975
8.75
10.075
7.5
7.2
7.275
8.25
7.9625
9.2875
10.4375
10.95
10.5
11.325
10.350000000000001
10.5875
11.4
10.842857142857143
9.8
8.9875
7.9125
9.425
7.762499999999999
8.9875
11.3
11.6875
10.725000000000001
10.512500000000001
10.7
11.037500000000001
12.1375
14.6625
14.450000000000001
13.975
13.799999999999999
12.725
10.9375
10.0875
10.357142857142858
11.6375
12.15
12.1125
10.325
10.837499999999999
12.25
11.95
11.45
13.774999999999999
17.6
19.15
17.6625
15.55
14.2625
15.149999999999999
17.1625
18.35
15.387500000000001
13.1375
12.1125
11.05
10.262500000000001
11.037500000000001
11.4625
10.4875
11.6125
14.425
14.375
12.075
11.087499999999999
10.524999999999999
11.2875
11.337499999999999
12.6125
15.0125
16.8625
15.337499999999999
14.65
14.862499999999999
14.0
13.9375
12.0625
11.4125
12.025
13.3125
14.7375
14.287500000000001
11.899999999999999
11.45
13.675
12.525
10.975000000000001
10.525
10.72857142857143
12.5125
13.775
14.814285714285713
15.45
14.75
15.225
15.671428571428573
15.825
16.212500000000002
15.874999999999998
13.162499999999998
14.3125
14.4375
12.9375
11.712499999999999
13.1
15.537500000000001
16.8
14.6625
12.3
11.6375
11.975
12.4875
12.399999999999999
12.125
12.587499999999999
11.475
11.8625
12.375
11.95
11.55
12.325
12.2875
10.337499999999999
9.55
11.0375
10.7375
10.225
9.4625
10.1125
9.65
9.6375
8.657142857142857
6.7
8.171428571428573
10.266666666666667
9.528571428571428
7.728571428571428
6.442857142857142
7.442857142857144
9.071428571428571
10.714285714285714
8.65
8.725000000000001
10.4375
8.987499999999999
9.05
9.5875
8.05
8.05
8.3375
6.637499999999999
8.15
8.725
6.45
6.9625
6.4125
5.4375
5.375
6.5
6.324999999999999
6.285714285714286
1.9625
0.7625
2.1999999999999997
4.2875
4.825
6.2125
7.125
7.9
9.225000000000001
9.6375
9.75
7.785714285714286
8.4125
9.05
7.675000000000001
7.5625
6.75
6.1
5.4
4.300000000000001
4.15
5.824999999999999
7.375
8.4
9.774999999999999
7.125
5.4125
5.8999999999999995
8.350000000000001
3.142857142857143
1.0250000000000004
-2.3000000000000003
-3.375
-2.642857142857143
0.36250000000000004
3.8
5.371428571428572
6.971428571428571
5.985714285714286
6.314285714285715
7.057142857142858
5.362500000000001
3.7285714285714286
0.42500000000000004
-2.75
-4.199999999999999
-5.9125000000000005
-4.875
-3.8000000000000003
-5.657142857142857
-6.1000000000000005
-8.02857142857143
-10.585714285714287
-11.075
-7.75
-11.0
-10.95
-10.085714285714287
-9.575
-4.6125
-1.85
-1.3428571428571432
1.0142857142857142
0.5428571428571428
-0.5125000000000002
-3.957142857142857
-6.6000000000000005
-3.3
0.75
0.04999999999999999
-2.0875000000000004
0.2999999999999999
2.05
2.5
-2.25
-8.275
-10.525
-3.4285714285714293
1.0750000000000002
-0.48750000000000016
0.275
4.35
7.000000000000001
3.7250000000000005
3.8000000000000003
2.9
0.45714285714285713
-1.7625000000000002
0.20000000000000004
-0.85
-0.14999999999999997
-1.9625
-3.3000000000000003
-8.125
-10.424999999999999
-10.25
-5.15
1.8333333333333333
3.0555555555555554
0.7749999999999999
-2.1222222222222222
1.3555555555555554
2.8
1.4333333333333333
0.05555555555555552
-1.0125
-4.51111111111111
-5.05
-3.7375
-1.875
0.9714285714285714
1.6142857142857143
3.085714285714286
2.225
-0.14285714285714285
3.34
4.7125
3.4571428571428577
0.7999999999999999
0.8500000000000001
1.8375000000000001
1.6875
0.7222222222222222
-0.5444444444444446
1.2714285714285711
1.9124999999999999
1.2625
0.07777777777777772
-0.8125000000000001
-2.275
-1.2222222222222223
-0.1999999999999999
-2.971428571428572
-2.8285714285714287
-1.7857142857142858
-2.3499999999999996
-0.7333333333333336
-3.3888888888888884
-5.1000000000000005
-8.540000000000001
-9.075
-10.342857142857142
-9.0
-5.987500000000001
-4.425
-1.3125
-1.8285714285714285
-1.175
-2.925
1.8125
1.1749999999999998
1.3875000000000002
1.0625
-0.11428571428571417
1.657142857142857
2.75
2.8000000000000003
1.5
-0.049999999999999975
-1.1888888888888889
-3.925
-2.3
-0.43750000000000006
1.7000000000000002
-0.6250000000000001
-0.575
1.05
1.625
1.9777777777777779
1.2625
1.9777777777777779
2.6249999999999996
3.1624999999999996
5.075
7.012500000000001
6.9125
9.399999999999999