0.22999999999999998
0.14
0.26
1.6199999999999999
0.43
0.21000000000000002
0.22999999999999998
0.64
1.7599999999999998
1.3900000000000001
1.61
1.3900000000000001
1.1777777777777778
0.30000000000000004
0.375
0.0
0.0125
0.0
0.0125
0.0
0.35000000000000003
0.42500000000000004
0.22499999999999998
0.21250000000000002
0.0
0.0
0.025
3.3375
0.9125
4.1625
0.5375
0.6875
4.975
1.15
1.35
0.15555555555555556
0.08
1.52
4.16
0.6700000000000002
0.21000000000000002
0.7
1.3299999999999998
0.02
2.45
0.09
0.04
1.2399999999999998
0.01
0.55
1.2100000000000002
0.01
0.18
0.01
0.04
0.01
0.02
1.0
0.1
1.46
0.44000000000000006
0.0
1.1400000000000001
3.0700000000000003
0.8999999999999998
3.1599999999999997
0.6
1.0
0.09
0.27
0.05
0.25999999999999995
0.01
0.26
4.4799999999999995
8.849999999999998
15.290000000000001
4.92
0.32999999999999996
0.01
0.37
0.02
3.7700000000000005
0.14
1.0099999999999998
3.0200000000000005
0.04
0.01
0.0
0.01
1.15
0.43
0.01
0.01
0.03
0.04
0.01
0.02
0.02
0.01
0.0
0.0
0.0
0.0
0.01
0.030000000000000006
0.77
2.98
0.0
0.01
0.0
0.24000000000000005
0.16999999999999998
0.01
0.01
0.0
0.12000000000000002
0.07999999999999999
0.14
0.17
0.04
0.27
0.16
0.06
2.79
1.6
0.16
0.31999999999999995
0.6199999999999999
0.33999999999999997
0.12000000000000002
0.06
0.01
0.9200000000000002
3.8
0.59
0.0
0.0
0.0
0.0
0.0
0.0
0.0
0.0
0.0
0.0
0.0
0.15000000000000002
0.02
0.01
0.01
0.0
0.0
0.02
0.0
0.0
0.0
0.95
0.0
0.0
1.5799999999999998
3.5
1.8199999999999998
0.26
1.0400000000000003
0.0
0.0
0.0
0.32999999999999996
0.38
2.6
2.92
2.84
0.18000000000000002
2.17
6.39
6.860000000000001
3.12
1.11
1.06
4.750000000000001
2.5799999999999996
3.62
3.6900000000000004
3.2299999999999995
1.04
0.0
0.0
0.78
8.87
3.0300000000000002
1.2200000000000002
2.19
3.25
0.45999999999999996
0.22000000000000003
0.11000000000000001
1.6799999999999997
1.48
3.0000000000000004
0.03
0.0
0.02
0.04
0.01
0.06
0.06
2.59
8.48
22.700000000000003
4.83
0.022222222222222223
0.7375
12.2875
6.4125
7.225
2.7285714285714286
1.3333333333333333
5.05
0.13333333333333333
0.2833333333333334
0.016666666666666666
0.03333333333333333
0.5666666666666668
0.45
0.6833333333333332
0.08333333333333333
0.11666666666666665
0.6666666666666666
0.10000000000000002
0.03333333333333333
0.0
0.3
2.8625
4.95
0.32500000000000007
3.075
7.387499999999999
0.0625
0.0
0.1
0.0
0.1875
15.5125
2.3625
6.65
3.9375
2.3499999999999996
0.07500000000000001
0.0625
0.09999999999999999
0.025
0.2
0.0125
0.0125
0.0
0.0
0.75
13.162500000000001
10.8125
2.025
5.7125
0.17500000000000002
1.7000000000000002
2.45
0.0125
0.0
0.0
0.2625
3.3000000000000003
0.0
0.0
0.0
0.0125
0.0125
0.0
3.1500000000000004
2.175
0.45
0.07500000000000001
0.0125
0.0125
0.025
0.85
0.05
1.3375
23.224999999999998
3.1499999999999995
0.125
0.0125
0.0125
0.25
0.0125
0.0125
0.0125
0.1375
4.612500000000001
4.625
0.9500000000000001
10.55
11.837499999999999
4.3625
0.4375
0.0875
2.5
6.4125
0.1375
0.375
2.425
5.762499999999999
0.8375
0.875
0.0
1.2000000000000002
1.7000000000000002
0.0125
2.7125
1.525
8.575
8.9375
4.5375
2.8
0.375
0.0125
0.0125
0.0
0.6625
2.8000000000000003
10.175
1.6625
1.475
0.825
4.0625
0.1625
0.275
0.7142857142857144
6.516666666666667
9.283333333333333
6.6375
6.057142857142858
5.716666666666666
15.733333333333334
5.0166666666666675
6.05
1.5875
1.025
0.0
0.0
0.025
0.35
0.275
0.125
0.037500000000000006
0.0
0.025
0.41250000000000003
2.1624999999999996
3.5374999999999996
2.8125
1.475
1.8
1.5625
3.4749999999999996
3.475
1.225
0.025
0.0
0.0
0.0125
0.025
0.15000000000000002
1.375
0.5625
1.4375
0.0
0.0375
0.15
0.1
4.0375
0.0875
0.025
5.4125
2.625
1.25
4.0375000000000005
1.8875
1.95
1.5
0.0
0.7374999999999999
9.6
5.6125
0.037500000000000006
4.575
3.7625
7.3500000000000005
0.1875
0.075
0.0125
2.8499999999999996
6.5625
4.4125000000000005
6.8875
6.6125
4.925
4.8625
7.75
2.8
4.4
5.0625
9.075
5.2875
2.875
4.762499999999999
3.4375
0.8500000000000001
0.0
0.025
0.075
0.1125
0.025
0.025
0.0125
0.025
0.075
0.125
0.42500000000000004
0.68
0.01
2.5200000000000005
1.0
1.47
0.13
0.0
0.08
0.86
1.9699999999999995
1.75
0.06
0.0
0.02
0.05
0.06999999999999999
4.04
5.68
0.02
4.6
0.09000000000000001
1.17
5.91
4.380000000000001
0.4699999999999999
0.0
0.0
0.01
0.01
0.01
0.01
0.0
0.26
0.24
0.0
0.04
1.09
0.25
0.0
0.0
4.220000000000001
6.070000000000001
0.01
0.0
10.48
3.13
0.09000000000000001
0.52
0.22000000000000003
6.82
5.319999999999999
5.5
5.640000000000001
0.71
0.01
0.01
2.7
0.09
0.26
0.0
0.0
0.0
2.13
0.01
0.3
2.71
0.0
0.0
1.83
2.9699999999999998
5.609999999999999
5.6899999999999995