2.9470588235294115
5.358823529411765
1.2235294117647058
6.194117647058824
1.1411764705882352
2.0411764705882356
11.770588235294118
0.8705882352941177
0.7588235294117647
1.6823529411764704
6.31764705882353
0.5764705882352942
0.1823529411764706
10.470588235294118
15.182352941176472
13.294117647058824
4.658823529411765
0.6411764705882352
4.637499999999999
3.729411764705883
2.5941176470588236
12.200000000000001
2.429411764705882
0.48235294117647054
0.17058823529411768
0.2705882352941177
0.0
0.1
0.4529411764705882
1.7705882352941178
0.9882352941176471
0.0058823529411764705
0.0058823529411764705
0.3588235294117647
2.0588235294117645
1.1
11.047058823529412
5.788235294117648
1.611764705882353
5.764705882352941
6.923529411764706
6.458823529411765
3.170588235294118
0.017647058823529415
6.911764705882353
5.68235294117647
6.182352941176471
8.158823529411766
6.388235294117647
6.111764705882353
3.4411764705882355
5.670588235294118
0.14705882352941177
2.7705882352941176
4.300000000000001
0.5
6.694117647058825
4.605882352941176
0.2705882352941177
0.8470588235294119
0.5529411764705883
1.3058823529411765
1.4941176470588236
6.105882352941176
10.423529411764704
2.364705882352941
26.15294117647059
10.658823529411766
0.35294117647058826
4.658823529411764
8.452941176470588
4.429411764705882
14.71764705882353
7.823529411764706
12.594117647058823
4.147058823529411
8.258823529411766
4.747058823529412
6.170588235294118
2.5647058823529414
7.929411764705882
24.094117647058823
14.041176470588237
14.588235294117647
10.141176470588235
2.370588235294118
4.823529411764706
4.276470588235293
3.5529411764705885
8.688235294117646
1.8235294117647058
6.623529411764706
12.4
5.088235294117647
0.4588235294117647
0.06470588235294118
0.0
7.117647058823529
0.4882352941176471
0.0058823529411764705
0.0058823529411764705
0.029411764705882353
0.047058823529411764
0.0
0.011764705882352941
0.029411764705882353
0.0
0.017647058823529415
0.0
0.0
0.0058823529411764705
0.07647058823529412
0.047058823529411764
3.7882352941176474
10.094117647058823
0.21764705882352942
0.0058823529411764705
0.0058823529411764705
2.523529411764706
0.017647058823529415
0.047058823529411764
0.3470588235294118
1.4529411764705884
0.03529411764705883
0.05294117647058823
0.041176470588235294
0.14117647058823532
0.07058823529411765
0.017647058823529415
0.0058823529411764705
0.7705882352941177
9.211764705882352
1.6294117647058823
0.7705882352941176
2.052941176470588
0.7411764705882353
0.6294117647058824
1.6529411764705884
0.39411764705882346
0.0
2.629411764705882
2.3588235294117648
0.017647058823529415
0.0
0.0
0.0058823529411764705
0.0058823529411764705
0.0
0.0
0.0
0.0
0.0
0.0
0.0
0.0
0.0058823529411764705
0.0
0.0
0.0
0.1176470588235294
0.23529411764705882
0.0058823529411764705
1.4705882352941175
2.4705882352941178
5.105882352941177
0.0
0.0
9.74705882352941
9.188235294117648
6.911764705882353
3.835294117647059
4.829411764705883
0.5941176470588236
0.0
0.0
1.6764705882352942
3.258823529411765
2.341176470588235
0.4117647058823529
0.21176470588235297
0.28235294117647053
4.794117647058823
9.21764705882353
15.61176470588235
3.411764705882353
0.7588235294117647
0.1823529411764706
0.623529411764706
1.0999999999999999
2.7411764705882353
3.094117647058823
0.6764705882352942
0.21764705882352942
0.0
0.0
1.6294117647058826
6.588235294117647
0.40588235294117647
1.6235294117647059
2.1882352941176473
6.047058823529412
2.841176470588235
1.3823529411764706
0.09411764705882353
0.058823529411764705
4.870588235294118
8.641176470588235
1.8529411764705883
2.5647058823529414
0.31176470588235294
1.0176470588235293
0.41176470588235287
0.0
1.0058823529411764
6.682352941176471
10.341176470588236
8.870588235294118
0.0058823529411764705
0.0
0.7
3.6470588235294117
8.423529411764704
5.4941176470588236
7.152941176470588
1.5882352941176472
3.0941176470588236
0.2235294117647059
0.5
0.2882352941176471
0.0
0.01764705882352941
1.8470588235294116
3.3117647058823527
0.3941176470588235
0.4647058823529412
0.49411764705882355
1.6294117647058823
0.0
0.023529411764705882
0.8058823529411764
0.05294117647058823
1.1529411764705884
1.8764705882352941
13.205882352941176
5.894117647058825
0.388235294117647
0.0
0.0
0.11764705882352941
2.552941176470588
5.917647058823528
4.0058823529411764
11.023529411764706
2.8529411764705883
2.211764705882353
0.5823529411764706
1.7823529411764707
2.264705882352941
0.0058823529411764705
0.0058823529411764705
0.0
0.029411764705882353
0.017647058823529415
0.011764705882352941
1.576470588235294
11.617647058823529
13.447058823529412
0.18823529411764706
2.2941176470588234
3.2294117647058824
13.429411764705883
3.1176470588235294
0.06470588235294118
1.7352941176470589
1.2294117647058824
9.788235294117648
14.299999999999999
0.03529411764705883
2.764705882352941
0.023529411764705882
1.7352941176470589
0.011764705882352941
0.011764705882352941
3.0823529411764703
9.388235294117646
1.5
0.017647058823529415
0.0058823529411764705
0.12941176470588234
0.058823529411764705
0.6882352941176471
0.30000000000000004
6.9941176470588236
32.33529411764706
2.088235294117647
1.1647058823529413
1.8823529411764706
0.17058823529411762
0.4
0.041176470588235294
0.10588235294117648
0.011764705882352941
0.6411764705882353
11.323529411764707
2.7
1.2588235294117647
17.705882352941178
11.25294117647059
17.147058823529413
1.6588235294117646
0.7058823529411765
20.205882352941178
8.011764705882355
1.3411764705882352
1.0294117647058822
16.06470588235294
23.247058823529407
19.094117647058823
14.200000000000001
1.223529411764706
4.547058823529412
7.141176470588236
1.064705882352941
9.664705882352942
4.382352941176471
20.188235294117646
16.88235294117647
9.711764705882352
11.494117647058824
0.17647058823529413
0.0058823529411764705
0.23529411764705882
1.2058823529411762
4.223529411764706
2.9411764705882355
15.370588235294115
2.5823529411764703
5.341176470588235
4.6000000000000005
8.33529411764706
0.1823529411764706
3.5
4.564705882352941
18.758823529411767
26.15294117647059
28.876470588235296
23.341176470588238
10.141176470588235
25.888235294117642
11.058823529411764
23.188235294117646
4.970588235294118
9.047058823529412
1.311764705882353
0.4588235294117647
0.3764705882352941
3.0352941176470587
8.670588235294117
7.776470588235293
4.082352941176471
0.8529411764705882
0.0
1.2000000000000002
4.852941176470588
16.441176470588236
25.429411764705883
21.599999999999998
20.788235294117644
8.370588235294116
20.752941176470586
20.205882352941178
4.423529411764706
0.40588235294117647
0.0
0.06470588235294118
0.22941176470588234
0.0
0.0
0.0
0.5411764705882353
1.8
0.2882352941176471
0.3764705882352941
0.25
0.8799999999999998
2.3800000000000003
0.03333333333333333
2.1199999999999997
22.293333333333337
11.588235294117647
2.323529411764706
13.270588235294118
7.064705882352941
16.288235294117644
3.347058823529412
0.029411764705882353
4.847058823529412
22.49411764705882
10.13529411764706
5.2294117647058815
13.56470588235294
13.047058823529412
21.94705882352941
1.464705882352941
4.1
4.264705882352941
16.91176470588235
9.829411764705883
18.023529411764706
17.676470588235293
30.03529411764706
16.01764705882353
8.758823529411766
27.25
8.926666666666668
17.526666666666664
6.3
23.506666666666668
4.506666666666666
19.03333333333334
15.153333333333334
3.073333333333333
0.4133333333333333
0.0
0.013333333333333334
0.07333333333333333
1.4866666666666668
3.3600000000000003
2.2800000000000002
0.05333333333333334
0.74
2.786666666666667
8.726666666666667
3.2600000000000002
10.999999999999998
3.4133333333333336
22.173333333333332
1.9666666666666666
6.653333333333333
0.12666666666666668
0.3466666666666667
1.6933333333333336
3.8333333333333335
6.3133333333333335
6.926666666666667
0.66
0.08
0.013333333333333334
0.0
1.2666666666666666
8.186666666666666
7.433333333333334
1.24
21.46
3.453333333333333
1.3733333333333333
10.653333333333334
5.66
0.0
0.0
0.0
0.0
0.006666666666666667
0.006666666666666667
0.0
0.006666666666666667
0.0
0.0
0.39333333333333337
0.006666666666666667
1.4
0.8599999999999999
0.7533333333333334
1.6333333333333335
15.233333333333329
13.426666666666668
1.5666666666666667
4.319999999999999
37.106666666666676
8.446666666666667
2.36
2.48
1.2866666666666664
10.973333333333333
8.453333333333335
8.753333333333334
11.893333333333334
2.46
0.4533333333333333
1.72
8.786666666666667
4.913333333333333
6.02
0.02666666666666667
0.0
0.0
0.0
0.006666666666666667