6.246153846153846
5.676923076923078
0.42307692307692313
0.16923076923076924
0.10769230769230768
0.13076923076923078
0.007692307692307693
0.21538461538461537
0.08461538461538462
0.075
0.11818181818181818
0.618181818181818
1.0727272727272728
0.3727272727272728
2.5727272727272728
12.136363636363638
7.827272727272728
13.854545454545455
10.590909090909092
4.300000000000001
2.063636363636364
2.472727272727273
1.1818181818181817
2.890909090909091
5.8090909090909095
4.490909090909091
2.9545454545454546
0.045454545454545456
0.2636363636363636
0.43636363636363634
1.4545454545454544
0.9727272727272727
4.8181818181818175
3.3454545454545457
4.2727272727272725
1.6727272727272728
4.3545454545454545
0.43636363636363634
1.0636363636363635
0.018181818181818184
0.0
0.24545454545454548
6.654545454545455
36.654545454545456
15.281818181818183
4.718181818181818
4.699999999999999
10.02727272727273
5.072727272727273
7.436363636363635
10.909090909090908
8.000000000000002
4.918181818181818
1.0181818181818183
5.409090909090909
4.009090909090909
6.418181818181818
6.0636363636363635
5.290909090909091
7.636363636363635
9.336363636363638
1.5272727272727273
3.027272727272728
1.8454545454545455
2.6545454545454543
3.4181818181818184
3.127272727272727
1.781818181818182
7.499999999999999
3.854545454545455
6.618181818181816
6.881818181818181
5.254545454545454
6.527272727272727
4.263636363636364
2.3454545454545457
2.3272727272727276
1.2545454545454546
0.3
3.7090909090909094
3.690909090909091
5.190909090909091
1.7999999999999998
2.2545454545454544
2.627272727272727
2.6363636363636367
2.5272727272727273
1.9363636363636365
0.009090909090909092
0.009090909090909092
1.8363636363636362
3.972727272727272
1.8363636363636366
0.0
0.7909090909090909
3.7909090909090906
2.009090909090909
0.3
0.0
0.009090909090909092
0.02727272727272728
0.0
0.0
0.0
0.018181818181818184
0.0
0.0818181818181818
1.2636363636363637
0.24545454545454543
0.0
0.0
0.018181818181818184
0.16363636363636364
3.690909090909091
11.563636363636363
2.209090909090909
7.354545454545455
10.263636363636364
3.936363636363637
1.3818181818181818
2.3636363636363638
0.9090909090909091
1.9818181818181815
7.445454545454546
5.236363636363636
4.809090909090909
4.427272727272728
1.018181818181818
0.12727272727272726
4.70909090909091
6.318181818181818
6.172727272727273
3.627272727272727
0.21818181818181817
0.07272727272727274
0.0
0.0
0.0
0.0
0.0
0.0
0.009090909090909092
0.007692307692307693
0.0
0.0
0.37692307692307697
1.1846153846153844
1.2538461538461538
5.5307692307692315
2.9769230769230766
2.5999999999999996
1.869230769230769
2.6153846153846154
3.923076923076923
0.6307692307692307
1.2384615384615383
0.769230769230769
3.4153846153846157
4.223076923076923
0.8923076923076922
0.4076923076923077
2.6230769230769226
2.776923076923077
1.146153846153846
4.930769230769231
2.923076923076923
0.27692307692307694
0.0
0.038461538461538464
0.06153846153846154
0.015384615384615385
0.3538461538461538
2.2846153846153845
0.05384615384615384
0.06153846153846154
0.14615384615384613
0.9923076923076922
2.1307692307692303
9.084615384615383
15.584615384615383
1.2000000000000002
0.44615384615384623
5.123076923076923
5.892307692307692
0.9538461538461539
1.1076923076923078
1.7461538461538464
0.11538461538461539
0.0
0.8692307692307691
1.2999999999999998
0.7461538461538461
3.0307692307692307
1.1307692307692307
2.2846153846153845
2.1384615384615384
4.5307692307692315
2.815384615384615
2.5846153846153848
5.238461538461538
1.2153846153846153
0.0
2.323076923076923
1.3153846153846152
7.761538461538462
1.2307692307692306
0.015384615384615385
0.34615384615384615
0.7307692307692307
17.353846153846153
13.0
0.0
0.05384615384615384
5.946153846153846
10.246153846153847
2.076923076923077
11.384615384615383
7.207692307692308
5.538461538461538
3.5846153846153848
8.96923076923077
6.538461538461538
1.1846153846153846
0.29230769230769227
1.4769230769230768
3.6076923076923078
2.376923076923077
2.1999999999999997
1.623076923076923
3.392307692307692
0.8307692307692308
0.5230769230769231
6.161538461538461
0.9384615384615386
0.30000000000000004
1.123076923076923
2.2384615384615385
7.176923076923078
6.461538461538461
0.7538461538461537
0.47692307692307695
0.2692307692307692
0.776923076923077
15.484615384615385
1.1538461538461537
3.230769230769231
10.907692307692306
6.169230769230769
3.353846153846154
3.438461538461539
0.18461538461538465
4.523076923076923
5.153846153846154
6.230769230769231
3.569230769230769
0.8846153846153846
0.13076923076923078
0.015384615384615385
1.5769230769230769
8.930769230769231
1.876923076923077
1.8153846153846156
0.4153846153846154
2.707692307692308
9.053846153846154
0.5076923076923077
0.007692307692307693
0.015384615384615385
0.015384615384615385
5.738461538461538
0.8692307692307693
0.1076923076923077
0.06153846153846154
0.09230769230769233
0.0
0.0
0.0
0.015384615384615385
0.0
0.03076923076923077
0.03076923076923077
0.0
0.0
0.0
0.0
0.13076923076923078
12.215384615384616
17.330769230769228
2.769230769230769
6.392307692307692
17.023076923076925
16.392307692307693
7.130769230769231
2.4538461538461536
0.17692307692307693
0.06923076923076922
3.115384615384615
4.1923076923076925
1.0076923076923079
1.4
1.0846153846153845
0.46153846153846156
0.04615384615384615
0.5615384615384615
0.02307692307692308
0.46153846153846156
3.630769230769231
3.9615384615384617
12.561538461538463
3.061538461538462
6.207692307692307
9.815384615384616
8.869230769230768
0.2538461538461539
6.292307692307692
4.8076923076923075
2.8999999999999995
1.7384615384615383
4.223076923076923
2.5461538461538455
3.123076923076923
0.9000000000000001
2.169230769230769
0.7615384615384616
0.10769230769230768
0.08461538461538462
0.5384615384615384
0.07692307692307693
0.16923076923076924
1.8076923076923077
1.6923076923076923
3.453846153846153
14.63846153846154
1.9307692307692308
2.6384615384615384
0.7999999999999999
0.24615384615384617
2.9846153846153842
0.23846153846153845
1.8461538461538458
0.9769230769230769
0.19999999999999998
0.38461538461538464
1.1153846153846154
3.753846153846154
7.1692307692307695
14.16923076923077
1.4076923076923078
0.038461538461538464
0.007692307692307693
0.0
0.0
0.007692307692307693
0.007692307692307693
0.015384615384615385
0.0
0.3692307692307692
0.21538461538461537
0.13846153846153844
0.0
0.0
0.015384615384615385
0.6
0.04615384615384616
0.33076923076923076
1.0615384615384615
0.061538461538461535
0.0
0.0
1.4384615384615385
6.092307692307693
5.053846153846154
4.292307692307693
0.06923076923076923
0.023076923076923075
0.015384615384615385
0.03076923076923077
0.015384615384615385
0.23846153846153847
3.5923076923076924
4.1692307692307695
0.43076923076923074
1.5
1.446153846153846
1.1615384615384614
1.2153846153846153
1.3692307692307693
3.0999999999999996
3.745454545454545
0.6818181818181818
0.22727272727272727
3.2181818181818187
2.8
0.6818181818181818
1.7727272727272725
2.490909090909091
2.5818181818181816
0.018181818181818184
0.018181818181818184
0.10909090909090911
0.4636363636363636
0.8454545454545456
2.927272727272727
1.4999999999999998
0.20909090909090908
0.06363636363636363
1.218181818181818
1.6090909090909091
1.0
1.5090909090909093
0.8454545454545456
2.809090909090909
0.8181818181818182
0.9090909090909091
1.2727272727272727
0.4
0.7
0.0
1.581818181818182
9.554545454545455
5.49090909090909
5.263636363636365
0.9818181818181819
3.5999999999999996
12.209090909090907
18.44545454545454
7.572727272727274
0.15454545454545457
2.0
0.7727272727272727
0.5909090909090909
2.527272727272728
2.672727272727273
1.1272727272727272
0.9818181818181817
4.2272727272727275
8.245454545454548
7.872727272727274
6.809090909090909
14.463636363636363
1.6272727272727272
0.009090909090909092
0.9272727272727274
1.2363636363636363
6.154545454545455
5.663636363636363
7.99090909090909
6.836363636363635
1.281818181818182
5.627272727272727
6.345454545454545
3.7181818181818187
1.736363636363636
2.809090909090909
3.4818181818181815
2.4299999999999997
1.29
5.369999999999999
7.330000000000001
8.08
2.9
3.3
4.43
0.75
0.9800000000000001
2.95
6.01
2.17
3.5900000000000007
4.84
2.2
0.89
1.8799999999999997
0.45
0.9200000000000002
1.5100000000000002
1.7399999999999998
5.07
1.5900000000000003
0.47000000000000003
0.58
2.1
0.0
0.0
0.0
0.0
0.0
0.0
0.02727272727272728
0.07272727272727272
0.009090909090909092
0.0
0.6181818181818182
0.1
0.0
0.0
0.02727272727272728
0.7727272727272727
1.3777777777777778