0.5600000000000002
1.18
0.05333333333333334
0.02666666666666667
0.03333333333333333
0.013333333333333334
0.06666666666666667
0.03333333333333333
0.15333333333333332
0.05333333333333334
0.31333333333333335
0.7066666666666668
2.3733333333333335
2.4200000000000004
9.993333333333334
13.806666666666667
8.126666666666667
11.673333333333334
10.566666666666666
1.6066666666666667
0.04
0.04666666666666666
6.466666666666667
6.486666666666666
5.926666666666666
1.513333333333333
0.49333333333333335
1.2466666666666666
0.24666666666666667
2.92
1.4466666666666663
1.9666666666666663
4.466666666666667
6.846666666666667
0.7333333333333333
3.0066666666666673
5.593333333333334
0.7533333333333334
0.5733333333333334
0.9866666666666667
0.20666666666666667
2.326666666666667
17.413333333333338
16.313333333333333
11.126666666666665
8.406666666666666
24.419999999999998
8.76
6.966666666666668
22.073333333333338
8.620000000000001
4.453333333333333
5.5600000000000005
14.626666666666665
24.84666666666666
8.333333333333334
4.4
2.293333333333334
3.7333333333333334
3.446666666666667
2.1733333333333333
1.5466666666666669
0.16000000000000003
0.014285714285714287
0.12000000000000001
2.1933333333333334
3.7000000000000006
4.74
0.7333333333333333
2.966666666666667
8.206666666666667
7.2733333333333325
8.126666666666667
5.26
2.8999999999999995
6.34
2.74
0.6733333333333333
0.13333333333333333
0.18666666666666668
1.1999999999999997
2.0875
0.1
0.08750000000000001
0.84375
3.9749999999999996
8.4375
3.85
15.1125
6.862500000000001
5.260000000000001
12.19375
4.95625
1.125
3.74375
6.6
8.06875
12.8625
1.01875
1.425
3.1812500000000004
1.1312499999999999
0.0125
0.0
0.025
0.0125
1.3875
3.9937499999999995
18.43125
10.425
0.725
1.3812499999999999
10.80625
15.19375
4.5249999999999995
6.1625
5.1499999999999995
9.149999999999999
2.8812499999999996
4.85
2.2933333333333334
1.1642857142857141
7.707142857142857
4.535714285714286
3.1071428571428568
0.24285714285714288
0.2642857142857143
0.21428571428571427
0.5285714285714286
0.5857142857142856
2.342857142857143
4.642857142857143
1.666666666666667
1.7071428571428575
0.8214285714285713
0.2714285714285714
0.25
1.2214285714285715
1.0285714285714285
0.2214285714285714
0.014285714285714287
0.09285714285714286
0.8142857142857142
0.5857142857142856
0.07857142857142856
2.2357142857142853
2.492857142857143
3.085714285714286
5.050000000000002
3.9785714285714286
4.6571428571428575
6.364285714285714
16.314285714285713
4.321428571428571
2.8857142857142857
3.035714285714286
5.385714285714285
12.578571428571427
6.621428571428571
6.1499999999999995
9.62142857142857
4.078571428571428
3.342857142857143
3.7928571428571423
2.9499999999999997
5.5928571428571425
5.485714285714286
2.4214285714285713
6.1571428571428575
0.5
0.3166666666666667
2.3083333333333336
0.18333333333333335
0.425
0.08333333333333333
0.09999999999999999
1.1500000000000001
0.40833333333333327
2.158333333333333
0.6666666666666666
0.15
0.041666666666666664
0.028571428571428574
0.03571428571428571
0.85
2.892857142857143
10.221428571428572
3.528571428571429
4.121428571428571
1.0285714285714287
0.2214285714285714
0.20714285714285716
2.2928571428571423
6.285714285714286
2.2375
5.418749999999999
0.9928571428571429
0.21428571428571427
0.14285714285714288
1.5285714285714287
1.3
0.042857142857142864
2.4214285714285713
6.428571428571429
8.52142857142857
4.414285714285714
0.17857142857142858
0.04285714285714286
0.05714285714285714
0.10714285714285714
2.9499999999999997
0.35000000000000003
0.014285714285714287
3.0357142857142856
4.521428571428571
1.8214285714285714
4.55
6.2124999999999995
4.5625
3.9
4.706666666666667
1.23125
0.33125000000000004
0.08750000000000001
2.126666666666667
4.36875
16.55
6.09375
8.63125
3.4000000000000004
4.8687499999999995
1.525
4.01875
3.1125000000000003
3.24375
0.5375000000000001
1.30625
2.60625
10.8375
1.7375
0.30625
0.08125
0.09999999999999999
1.0625
6.875
1.80625
1.775
8.95625
3.125
8.125
3.2125
2.3875
6.29375
21.0375
5.25
2.0625
1.71875
0.018750000000000003
2.4
15.787499999999998
9.6125
0.6875
2.70625
5.706250000000001
9.4125
7.3374999999999995
0.7062499999999999
0.0125
0.04375
7.3875
12.912500000000001
4.05
1.04375
3.1125
1.2312500000000002
0.21875
0.06875
0.0625
0.06249999999999999
0.8624999999999999
0.38125
0.037500000000000006
0.55
0.9125000000000001
1.10625
4.65625
0.88125
4.7375
4.0375
1.19375
1.25625
0.8125
1.93125
0.43124999999999997
1.96875
3.8625
1.7625000000000002
4.706250000000001
0.8625
0.0375
0.35
0.018750000000000003
0.0
0.0125
0.0
0.125
1.30625
2.13125
4.79375
8.63125
11.243749999999999
9.212499999999999
11.475
7.0625
7.3187500000000005
10.71875
9.131250000000001
2.26875
0.71875
2.75625
1.29375
3.34375
3.08125
2.6812500000000004
1.725
3.7
7.4
1.4125
0.45625
0.9125
1.34375
7.8375
9.337499999999999
3.7625
1.8812499999999999
3.41875
0.35624999999999996
0.4375
0.42500000000000004
0.23125
1.2125000000000001
1.9312500000000004
0.9375
0.0125
0.39375000000000004
11.05
12.743749999999999
3.15
1.85
0.8312499999999999
0.01875
0.0
0.1375
0.0
0.0
0.0
0.0125
0.00625
0.125
0.34375
0.05625
0.48125000000000007
0.125
0.0125
0.07500000000000001
0.7374999999999999
0.23750000000000002
0.025
0.23125
7.5125
11.05
6.4
0.85625
0.25625
0.13125
0.1875
0.0625
0.056249999999999994
1.81875
5.8625
5.75
7.15625
1.5
2.8625
1.06875
2.4625
1.44375
6.831250000000001
6.5375000000000005
3.51875
0.30625
0.40624999999999994
2.4250000000000003
0.6375
0.825
1.6
7.362500000000001
6.13125
3.96875
0.28125
0.0375
0.65625
0.625
1.23125
1.525
0.14375
0.675
2.5
2.55625
1.79375
0.48125
0.9125
2.14375
0.74375
1.39375
3.5062499999999996
2.26875
7.612499999999999
6.9375
4.96875
15.312499999999998
4.4
5.70625
11.5
6.0375
2.4437499999999996
2.83125
1.525
0.3125
0.1
0.88125
6.23125
6.79375
14.981250000000001
10.45
13.4375
8.04375
4.96875
9.14375
11.09375
6.9375
1.44375
2.44375
4.15625
2.4125
6.8500000000000005
3.94375
0.11875000000000001
0.4
8.3875
7.55
4.449999999999999
2.6375
5.050000000000001
4.36875
4.2375
12.54375
8.693750000000001
7.275
3.33125
4.5375
1.8
0.44375
4.53125
5.75625
2.51875
2.8937500000000003
2.575
0.1
0.8687500000000001
3.23125
0.575
1.96875
0.9375
2.93125
5.8875
2.6125
1.2875
0.5750000000000001
1.50625
2.8499999999999996
1.04375
0.4
0.1875
2.375
6.1187499999999995
2.73125
0.7687499999999999
1.01875
2.84375
0.46875
0.0
0.71875
4.7875
0.4125
0.04375
0.4
0.08125
0.0