8.766666666666666
13.35
1.1166666666666667
0.0
0.0
0.016666666666666666
5.875
0.11666666666666665
0.8833333333333333
1.8166666666666667
1.2249999999999999
1.6499999999999997
0.1416666666666667
0.15
0.049999999999999996
0.016666666666666666
0.008333333333333333
0.0
2.9749999999999996
4.125
11.008333333333333
33.95
12.475
4.375000000000001
3.1
2.908333333333333
0.06666666666666667
0.06666666666666667
5.333333333333333
4.516666666666667
0.5833333333333334
0.6000000000000001
0.6416666666666667
0.09999999999999999
0.3083333333333333
0.16666666666666666
7.766666666666667
17.633333333333333
7.716666666666666
15.19166666666667
6.016666666666667
12.525
5.375
0.15833333333333335
0.5249999999999999
0.4666666666666666
0.16666666666666666
0.008333333333333333
4.833333333333333
14.06666666666667
33.84166666666666
18.90833333333333
0.44999999999999996
10.049999999999999
10.475
3.233333333333333
15.633333333333331
15.25
4.208333333333333
3.6
3.0500000000000003
9.391666666666666
9.533333333333333
18.208333333333332
18.533333333333335
4.541666666666666
29.975000000000005
31.124999999999996
0.3333333333333333
5.724999999999999
8.583333333333332
4.758333333333334
17.283333333333335
13.391666666666667
14.883333333333333
10.950000000000001
15.058333333333335
22.825
19.166666666666668
5.7250000000000005
6.291666666666667
19.916666666666664
8.674999999999999
0.38333333333333336
2.466666666666667
3.4000000000000004
6.050000000000001
1.1833333333333333
1.7166666666666668
5.3
0.22499999999999998
13.683333333333332
27.23333333333333
13.791666666666666
1.0
0.5833333333333334
0.016666666666666666
10.991666666666667
8.25
2.308333333333333
0.016666666666666666
0.30833333333333335
1.691666666666667
0.05833333333333333
0.008333333333333333
0.008333333333333333
0.0
0.0
0.0
0.0
0.11666666666666668
0.0
0.2916666666666667
3.966666666666667
10.458333333333334
0.9666666666666665
0.0
0.0
0.05000000000000001
0.0
1.675
3.358333333333333
5.341666666666668
1.0166666666666668
1.2666666666666668
0.425
0.075
0.016666666666666666
0.0
0.008333333333333333
2.8000000000000003
9.933333333333334
1.925
0.008333333333333333
0.0
0.016666666666666666
1.9416666666666667
4.733333333333333
2.233333333333333
0.08333333333333333
0.009090909090909092
2.75
0.0
0.0
0.0
0.0
0.0
0.0
0.0
0.0
0.0
0.0
0.0
0.0
0.0
1.5799999999999998
0.7299999999999999
0.06000000000000001
0.0
0.09
0.76
0.02
3.81
3.84
15.979999999999999
0.27999999999999997
0.0
5.45
15.710000000000003
19.75
9.22
12.830000000000002
2.67
0.5700000000000001
0.0
0.06999999999999999
2.37
0.20999999999999996
3.883333333333333
2.0416666666666665
2.775
17.916666666666668
10.366666666666667
6.499999999999999
2.841666666666667
0.8666666666666666
1.3583333333333334
0.875
0.049999999999999996
0.11666666666666665
6.375
3.6666666666666665
0.06666666666666667
0.2916666666666667
0.0
0.0
0.17500000000000002
1.6583333333333334
0.5833333333333334
3.716666666666667
14.716666666666669
8.583333333333334
6.108333333333332
1.3416666666666666
2.5000000000000004
2.275
12.85
12.241666666666667
0.9083333333333332
1.6416666666666666
2.1833333333333336
5.791666666666667
0.10833333333333334
0.75
0.43333333333333335
5.683333333333334
10.158333333333333
0.024999999999999998
0.008333333333333333
0.049999999999999996
4.733333333333333
8.316666666666668
8.741666666666667
5.358333333333333
5.758333333333333
9.958333333333332
2.4250000000000003
9.508333333333335
3.775
0.09999999999999999
0.4583333333333333
6.908333333333334
8.049999999999999
0.7166666666666668
2.4333333333333336
3.2416666666666667
6.816666666666666
0.3666666666666667
1.2583333333333333
7.041666666666667
0.025000000000000005
0.0
0.5333333333333333
16.71666666666667
15.083333333333334
4.8916666666666675
0.049999999999999996
0.008333333333333333
0.008333333333333333
4.533333333333334
1.2833333333333332
2.2750000000000004
24.274999999999995
16.808333333333334
9.291666666666668
3.8000000000000003
5.958333333333333
6.625
2.9416666666666664
6.55
4.3
3.866666666666667
0.7583333333333334
0.041666666666666664
0.125
1.8166666666666664
15.791666666666666
1.7833333333333334
0.05000000000000001
3.116666666666666
6.141666666666667
9.825000000000001
0.4583333333333333
0.8583333333333334
3.225
16.73333333333333
2.941666666666667
0.125
0.016666666666666666
0.016666666666666666
0.016666666666666666
0.016666666666666666
0.008333333333333333
0.016666666666666666
0.008333333333333333
0.008333333333333333
0.008333333333333333
0.008333333333333333
0.0
0.0
0.0
0.025000000000000005
4.383333333333334
26.26666666666667
5.583333333333335
5.008333333333334
6.05
0.9833333333333333
1.741666666666667
0.041666666666666664
0.0
0.0
0.24166666666666667
17.741666666666664
0.9333333333333332
0.9750000000000001
17.224999999999998
9.916666666666666
0.6916666666666668
0.0
0.024999999999999998
1.1166666666666667
2.858333333333333
3.5666666666666664
3.1333333333333333
29.000000000000004
23.941666666666666
24.2
22.65833333333333
6.966666666666668
7.2749999999999995
13.133333333333333
1.7583333333333335
13.908333333333331
1.325
14.100000000000001
4.383333333333333
12.299999999999999
4.95
0.25
0.016666666666666666
0.06666666666666667
0.21666666666666667
0.75
2.9333333333333336
0.7416666666666666
2.5083333333333337
6.933333333333334
3.6583333333333337
13.016666666666666
2.941666666666667
9.108333333333336
2.3583333333333334
8.95
3.4249999999999994
10.65
12.216666666666669
5.8
3.508333333333333
2.4666666666666663
6.558333333333334
11.733333333333334
51.550000000000004
29.916666666666668
0.9666666666666667
0.09999999999999999
0.06666666666666667
0.008333333333333333
0.03333333333333333
0.008333333333333333
0.0
0.008333333333333333
0.0
0.0
0.0
0.0
0.075
1.2249999999999999
0.21666666666666667
3.6
0.15833333333333335
0.16666666666666666
0.049999999999999996
0.016666666666666666
0.008333333333333333
0.0
0.03333333333333333
1.0166666666666666
1.2916666666666667
2.4999999999999996
0.9
0.0
0.0
0.0
0.4166666666666667
0.7416666666666666
1.1166666666666665
0.024999999999999998
1.2833333333333332
8.066666666666668
0.18333333333333332
11.54166666666667
8.766666666666667
10.841666666666667
0.11666666666666665
0.6416666666666667
0.09166666666666667
16.625
20.125
2.3749999999999996
2.2583333333333333
15.108333333333334
22.516666666666666
4.025
0.0
0.0
0.03333333333333333
2.6500000000000004
4.233333333333333
6.6499999999999995
8.116666666666667
5.233333333333333
4.258333333333333
9.116666666666669
26.691666666666666
3.766666666666667
0.025000000000000005
1.25
3.033333333333333
2.191666666666667
0.3916666666666666
1.0833333333333333
0.0
0.0
0.0
3.216666666666667
13.933333333333335
23.01666666666667
5.816666666666666
0.48333333333333334
6.183333333333334
18.808333333333334
40.416666666666664
2.6916666666666664
12.816666666666668
0.48333333333333334
6.791666666666667
0.19166666666666665
7.191666666666667
2.091666666666667
2.65
6.116666666666666
16.40833333333333
11.866666666666667
22.516666666666666
6.233333333333333
5.558333333333334
0.4416666666666666
0.5916666666666667
5.816666666666666
5.708333333333333
12.75
1.708333333333333
31.224999999999998
15.916666666666664
1.8916666666666668
10.35
6.391666666666667
0.4749999999999999
0.08333333333333333
0.09166666666666667
0.016666666666666666
0.024999999999999998
0.025000000000000005
0.08333333333333333
0.425
0.5916666666666667
0.7083333333333334
0.0
0.24166666666666667
2.1333333333333333
0.21666666666666667
3.266666666666666
2.8083333333333336
0.47500000000000003
1.7083333333333333
2.525
0.05833333333333333
15.133333333333333
10.283333333333333
1.575
9.35
0.09999999999999999
8.874999999999998
13.374999999999998
10.758333333333333
2.9166666666666665
0.325
2.058333333333333
0.8666666666666667
9.391666666666666
0.19999999999999998
0.25833333333333336
0.0
0.0
0.008333333333333333
0.0
0.0