1.30043
3.46374
2.56128
1.53932
1.7391
3.62401
2.76017
1.52813
1.39723
2.49284
2.76219
1.76982
1.45356
3.70396
1.37901
1.78414
2.03597
1.74853
1.77642
4.59708
6.0909
4.68484
3.21102
2.27977
2.37528
2.17796
2.10891
1.5412
1.99416
1.50332
1.47075
1.50541
1.35818
1.45149
1.68112
1.47604
2.67092
2.41223
1.5679
2.3681
3.05691
1.68878
1.47902
1.3254
1.41486
2.08983
1.36792
1.50052
2.7799
1.39056
1.37617
1.49116
1.4996
1.45276
1.39112
1.95399
1.35015
1.3382
1.5056
1.26308
1.43161
2.44067
2.35315
1.5687
2.07183
1.30316
1.25463
1.27272
1.36039
1.32729
1.27854
1.29894
1.54342
1.19166
1.11923
1.18193
1.19982
1.20546
1.12461
1.21758
1.1637
1.09075
1.18983
2.0143
1.27024
1.28488
1.33853
1.45594
1.41235
1.64187
1.54365
1.96249
1.86345
3.89173
2.04693
1.93116
4.90691
6.54061
2.78792
2.31073
1.95654
2.00134
1.81341
2.26348
3.10756
2.43402
1.87737
1.86425
1.78234
1.61405
1.8807
2.62668
2.79604
1.97459
1.8863
1.87183
1.85497
1.84443
2.58159
3.05042
3.051
2.01218
1.88444
1.8398
1.70983
1.90777
1.72457
1.65207
1.68377
1.63366
1.68035
2.63433
2.04355
1.83491
1.91338
2.0307
1.80984
1.77434
1.93597
2.72333
2.01318
1.94756
1.85069
1.69861
1.87014
2.56147
2.03388
2.52158
2.67629
2.75206
2.14106
2.14438
2.37143
2.59467
2.6988
2.55718
2.66437
2.05415
2.1313
2.25889
2.03249
1.93936
1.8817
1.85606
1.83626
1.84565
1.87903
1.91991
2.0714
2.29876
2.07785
1.87815
1.8604
2.16717
1.7053
1.86264
1.39133
1.1202
1.39758
1.62294
1.98674
2.0234
2.02905
1.86483
1.8341
1.75934
1.65881
1.65376
2.11518
2.01705
1.89483
1.76896
1.60991
1.74155
2.10212
2.31475
2.17998
2.57391
2.87412
1.98786
2.1436
5.04292
4.13153
2.59524
2.69323
2.452
2.15045
2.13824
2.44349
2.28872
2.84676
3.8068
2.63056
2.60216
2.56319
2.67753
2.59768
2.66393
2.47643
2.43767
2.11695
3.22166
3.18878
3.54727
3.26786
3.4247
3.50288
3.08238
3.40361
3.58525
3.45536
3.56181
3.63064
3.62591
3.50564
3.96197
3.66704
3.06672
3.91432
4.69556
4.55077
4.47649
4.45703
4.44749
4.2434
4.41806
4.35807
4.28687
3.83818
4.06168
4.33177
4.39154
4.09764
4.05719
4.60249
4.51369
4.25668
4.53612
4.71244
5.25241
5.87634
5.48365
5.14126
5.68964
6.02623
5.71708
6.07001
6.24971
7.00432
6.60043
6.55867
8.24377
7.80395
6.99433
6.79793
5.82174
5.30186
5.04036
5.78236
5.47868
5.47166
5.10933
4.52117
4.79143
5.04142
4.94601
4.70074
4.91609
4.33979
4.28245
3.97915
3.61914
4.40455
4.98415
5.14197
4.86224
4.09821
4.0187
3.70678
3.49403
3.46841
3.36892
3.82066
3.74878
2.13825
3.29918
3.71134
3.0546
1.63107
0.62525
0.55927
0.71268
1.04477
1.76993
2.19467
2.33024
2.68689
2.66945
1.99568
1.95446
1.9021
2.24511
2.07231
1.87673
1.96728
1.85211
1.26701
1.30929
1.84316
1.62423
1.61304
1.23994
1.39224
1.69375
1.81999
1.23964
1.42493
1.19965
1.02325
0.59916
0.52754
0.63194
0.79132
0.63914
0.45611
0.06322
0.0975
0.38262
0.8073
1.03477
0.51786
0.89015
1.58955
2.05404
1.95826
3.13112
2.28763
1.77257
2.05986
2.35233
2.17141
1.80028
2.49975
5.00064
5.05701
4.84104
4.31943
3.10416
3.45453
4.03287
4.58915
4.5481
5.04051
5.18023
4.57256
4.38994
6.01562
7.01905
6.03428
5.08217
5.65175
2.85932
2.51452
2.61632
2.47228
2.56639
2.36397
2.31368
1.7527
1.50353
1.53183
1.76183
1.46624
1.32671
1.27818
1.38616
1.28447
1.83718
1.79492
1.33669
1.99042
1.61843
1.21769
1.28733
1.7797
1.73485
1.36625
1.27597
1.16862
1.11742
1.11501
1.72235
1.62449
1.60845
1.93788
2.16367
1.86282
2.09781
2.80533
2.6593
1.71791
1.44485
2.08261
1.24387
1.1156
1.0661
1.23751
1.26272
1.93361
1.23248
1.80076
1.42443
2.27009
1.37437
1.32492
1.16538
1.28365
1.18529
1.19538
1.21733
2.1804
1.97727
1.76106
1.10696
1.1623
1.19975
0.98849
1.57382
1.24249
1.25122
1.12944
1.08461
1.30052
1.96866
1.28608
1.9742
1.26697
1.2905
1.26214
1.82728
2.32679
1.6055
1.87419
1.72884
1.53205
1.2535
1.25556
1.0625
1.17484
1.69336
1.54507
1.18265
1.1854
1.14149
1.37404
1.17211
1.06741
1.05455
1.00436
0.89719
1.10838
1.34219
1.80814
1.67338
1.42014
1.45404
1.06313
1.27863
1.85734
1.99156
1.92941
1.32623
1.2874
1.25891
1.2385
1.0837
1.28433
1.21901
1.21461