1.30043
3.08793
2.03693
0.884
1.46113
1.95623
2.72155
0.9042
0.45779
0.55856
0.58835
0.45986
0.59496
0.42865
0.27421
0.2436
0.28448
0.23817
0.29283
0.73389
0.70889
0.94777
0.43379
0.33628
0.36081
0.56183
0.7687
0.92468
1.11469
0.67559
0.55298
0.49405
0.38926
0.46386
0.49138
0.6983
0.55092
0.57084
0.51247
0.48048
0.61245
0.3641
0.21204
0.25449
0.20931
0.23038
0.19363
0.18639
0.1929
0.16217
0.15196
0.22437
0.16807
0.12555
0.1368
0.16029
0.15908
0.67295
0.17505
0.17977
0.16453
0.32838
0.26992
1.48991
0.49653
0.1454
0.13826
0.15404
0.18239
0.15204
0.13066
0.13271
0.12944
0.14848
0.13347
0.18991
0.14922
0.18248
0.19354
0.16153
0.1733
0.16935
0.19269
2.08612
0.13967
0.14587
0.15412
0.14904
0.14614
0.18331
0.14218
0.14014
0.21613
0.2034
0.15954
0.14665
0.15329
0.19419
0.15834
0.14859
0.14823
0.14058
0.16372
0.19185
0.18999
0.15629
0.14611
0.13281
0.12815
0.14628
0.21855
0.55931
0.14232
0.13963
0.13138
0.31018
0.14547
0.19881
0.57703
0.5084
1.07996
2.0144
0.53445
0.75408
0.83648
0.38541
0.50025
1.38011
0.27145
0.34333
0.24236
0.36014
1.78417
1.83491
1.3397
0.67052
0.56191
0.70353
0.63473
2.72333
1.04978
0.6755
0.44402
0.36798
0.41351
0.66574
0.36778
0.59241
0.27183
0.4373
0.33198
0.31267
0.14877
0.28687
0.30356
0.17694
0.15161
0.07166
0.18385
0.16757
0.15357
0.13406
0.13192
0.13368
0.10888
0.07908
0.11956
0.13152
0.2499
0.13517
1.04765
0.17271
0.17127
0.13082
0.08221
0.12366
0.12417
0.12948
0.10688
0.27188
1.93946
1.96775
1.1463
1.51651
0.12801
0.11538
0.12144
0.12002
0.23454
0.10038
0.11261
0.26541
0.14138
0.12027
0.10756
0.1475
0.13752
0.13523
0.13703
0.07359
0.12553
0.29685
0.13675
0.13236
0.07867
0.07565
0.0504
0.0409
0.03976
0.0306
0.04184
0.04222
0.02933
0.02197
0.02
0.03048
0.02263
0.0255
0.01544
0.01498
0.02032
0.0273
0.03975
0.02158
0.01997
0.01856
0.01726
0.01634
0.02055
0.02113
0.03775
0.02543
0.02595
0.02182
0.01959
0.02081
0.0293
0.01982
0.01892
0.02356
0.02953
0.0319
0.03368
0.03886
0.02969
0.01916
0.01803
0.01487
0.01487
0.01847
0.03797
0.01729
0.01328
0.02226
0.40645
2.45286
0.58485
2.46745
2.69831
0.66055
0.29406
1.99198
0.77839
0.73725
0.1198
0.69337
0.44807
0.3026
0.16492
0.16627
0.15883
0.34958
0.39772
0.35273
0.44768
0.54379
0.68864
4.97864
5.02387
1.7636
0.923
0.99609
1.00725
1.87702
2.64855
4.57676
0.95039
0.96049
0.73362
0.54256
0.47535
0.39897
0.45326
1.001
0.50349
0.79035
0.80241
0.79934
0.82431
0.67869
0.43314
0.80398
2.53812
2.37183
0.85485
2.1139
0.75934
0.80585
0.80646
0.13671
0.15612
0.13668
0.16134
0.13997
0.13686
0.2185
0.33842
0.21388
0.2302
0.21657
0.30519
0.40531
0.24409
0.80262
1.76981
1.48242
0.71414
1.26886
0.93228
1.24048
0.44212
0.37001
0.31373
1.08723
0.41397
0.45581
0.55679
0.36644
0.35115
0.31993
0.51081
0.63194
0.79132
0.37077
0.45611
0.06517
0.0975
0.36405
0.79575
0.19989
0.30335
0.40827
0.51412
1.88849
0.59655
3.13112
0.97583
0.76376
0.85572
0.71348
0.87744
0.62399
1.0453
5.00064
5.21879
4.84104
4.31943
3.10416
3.45453
3.07116
2.84562
2.73496
3.85297
3.49783
2.76422
3.07207
4.14796
5.32806
6.22733
3.14037
1.61222
1.35009
1.04173
1.19866
1.9566
1.96397
2.31363
0.92136
0.80248
0.83767
0.55545
0.83997
1.25818
0.3493
0.55299
0.28116
0.81093
1.83718
1.27133
0.90584
0.96026
0.97855
0.86474
0.75552
0.89752
1.36946
0.81533
0.85236
1.07767
0.9554
0.96529
1.06282
0.81877
1.01662
1.93788
1.05615
0.91943
0.70238
0.66734
0.56653
0.35309
0.52878
0.56203
0.41175
0.39435
0.3313
1.07578
1.26272
1.36048
1.22032
0.81209
0.41827
0.47569
0.46493
0.37391
0.32764
0.34511
0.43082
0.28091
0.34472
0.61715
1.07423
0.45304
0.59203
0.36261
0.63006
0.66002
1.9621
0.56487
0.47958
0.84618
0.47773
0.60427
0.33413
0.47456
0.3277
0.29096
0.32282
0.36148
0.6026
2.01885
1.16793
0.92298
0.87667
0.88283
1.0106
0.73193
1.68718
1.12798
0.89292
1.00859
0.38454
0.63254
0.68531
0.60844
0.88096
0.89232
0.63588
0.74304
0.72353
0.70519
1.12194
1.80814
1.67338
1.42014
1.12948
0.78818
1.14795
1.02945
1.54172
1.92941
0.89393
0.78938
0.82335
0.68234
0.56881
0.6176
0.67813
0.33695