1.30043
3.08793
2.03693
0.884
1.46113
1.95623
2.72155
0.9042
0.45779
0.55856
0.58835
0.45986
0.59496
0.42865
0.27421
0.2436
0.28448
0.23817
0.29283
0.73389
0.70889
0.94777
0.43379
0.33628
0.36081
0.56183
0.7687
0.92468
1.11469
0.67559
0.55298
0.49405
0.38926
0.46386
0.49138
0.6983
0.55092
0.57084
0.51047
0.48048
0.61245
0.3641
0.21204
0.25449
0.20931
0.23038
0.19363
0.18639
0.1929
0.16217
0.15196
0.22437
0.16807
0.12555
0.1368
0.16029
0.15908
0.67295
0.17505
0.17977
0.16453
0.32838
0.21641
0.68299
0.48021
0.1454
0.13826
0.15404
0.18239
0.15204
0.13066
0.13271
0.12944
0.14848
0.13347
0.18991
0.14922
0.18248
0.19354
0.14783
0.13566
0.16935
0.19269
2.08612
0.13967
0.14587
0.15412
0.14904
0.14325
0.14771
0.14218
0.14014
0.16367
0.1798
0.15954
0.14665
0.15329
0.16824
0.15834
0.14859
0.14823
0.14058
0.15803
0.17559
0.18999
0.14277
0.14611
0.13281
0.12815
0.13717
0.21855
0.18246
0.14232
0.13963
0.13138
0.25001
0.14547
0.19881
0.57703
0.20244
0.75833
0.24911
0.35859
0.31018
0.83648
0.38302
0.32774
0.1845
0.19301
0.29884
0.14252
0.24156
0.1803
0.2511
0.30105
0.22641
0.16115
0.15043
0.15521
0.13979
0.12885
0.13372
0.1336
0.13033
0.13225
0.14
0.13673
0.14676
0.27183
0.4373
0.19729
0.15809
0.14877
0.15508
0.20373
0.14907
0.15161
0.07166
0.18385
0.16757
0.15357
0.13406
0.13192
0.13368
0.10888
0.07908
0.11956
0.12968
0.13542
0.1296
0.13156
0.13741
0.14305
0.13082
0.08221
0.12366
0.12417
0.12948
0.10688
0.12876
0.13022
0.12643
0.12414
0.13523
0.12801
0.11538
0.12144
0.12002
0.12384
0.08375
0.11261
0.14148
0.14138
0.12027
0.10756
0.1475
0.13752
0.13523
0.13703
0.07359
0.12553
0.29685
0.13675
0.13236
0.07867
0.07565
0.0504
0.0409
0.03976
0.0306
0.04184
0.04222
0.02933
0.02197
0.02
0.03048
0.02263
0.0255
0.01554
0.01591
0.02114
0.0273
0.03975
0.02158
0.01997
0.01856
0.01726
0.01634
0.02055
0.02113
0.03775
0.02543
0.02595
0.02182
0.01959
0.02081
0.0293
0.01982
0.01892
0.02356
0.02953
0.0319
0.03368
0.03886
0.02969
0.01916
0.01803
0.01487
0.01487
0.01847
0.0166
0.01729
0.01308
0.00755
0.0105
0.00971
0.00981
0.0151
0.01171
0.01457
0.01494
0.00876
0.0126
0.01299
0.01446
0.01033
0.01609
0.01629
0.10208
0.10866
0.09464
0.10803
0.11267
0.12443
0.42055
0.14025
0.13995
0.14035
0.14164
0.81174
0.64246
0.94135
1.00725
0.81885
0.76464
4.57676
0.89989
0.93045
0.73362
0.54256
0.47535
0.25384
0.39064
0.95549
0.38253
0.48729
0.26822
0.26894
0.22995
0.20562
0.27762
0.52403
0.53471
0.52877
0.47892
0.53596
0.67831
0.65373
0.44166
0.13671
0.15612
0.13668
0.16134
0.13997
0.13686
0.18579
0.22765
0.19094
0.17999
0.19569
0.22215
0.24992
0.17131
0.22957
0.32108
0.18777
0.24702
0.39635
0.2898
0.34435
0.28213
0.18506
0.18208
0.18321
0.30002
0.19807
0.18184
0.18917
0.19118
0.18047
0.19986
0.19978
0.79132
0.19973
0.45611
0.06517
0.0975
0.17971
0.20959
0.19399
0.29506
0.20051
0.20652
0.21731
0.31406
3.13112
0.97583
0.76376
0.67952
0.69296
0.87744
0.34984
0.80596
5.00064
5.18159
3.61513
2.00338
1.49837
0.99844
0.79834
0.99496
1.99093
1.31585
1.65335
2.17322
2.49899
4.14796
5.32806
3.69429
2.79168
1.04635
1.35009
0.77922
1.19866
0.98962
1.57443
1.845
0.92136
0.80248
0.71035
0.49769
0.47639
0.94337
0.3493
0.32164
0.28116
0.57016
1.20131
0.98861
0.5998
0.56377
0.56997
0.47876
0.40386
0.58185
0.47907
0.44364
0.45159
0.69904
0.49829
0.34629
1.06282
0.59836
0.52628
0.59889
0.71614
0.53709
0.50075
0.52239
0.48425
0.35309
0.46908
0.48337
0.41175
0.39435
0.3313
0.7192
0.50423
1.36048
0.79017
0.44208
0.36239
0.32112
0.27632
0.2446
0.25911
0.28006
0.24454
0.27286
0.33157
0.30798
0.25419
0.30061
0.30554
0.28947
0.2908
0.32858
1.12783
0.30229
0.27509
0.29302
0.29106
0.28611
0.27485
0.29978
0.26543
0.2643
0.2705
0.28145
0.2982
2.01885
1.16793
0.92298
0.87667
0.88283
0.94929
0.73193
0.5925
1.12798
0.89292
0.85647
0.31094
0.40746
0.41176
0.57109
0.37955
0.3697
0.31211
0.7078
0.51387
0.55187
1.10634
0.56533
0.90625
0.70231
0.42818
0.54991
0.41189
0.35538
0.40551
0.40719
0.35085
0.39133
0.55114
0.47294
0.3846
0.40683
0.37241
0.33695